 template0 = [  2.435362  1.974572  1.646401  1.347019  1.062901  0.798699  0.560724  0.354139  0.182467  0.354139  0.560724  0.798700  1.062901  1.347019  1.646401  1.974572 ; 
 1.974571  1.622460  1.306252  1.003392  0.718579  0.458739  0.229462  0.034638  -0.123479  0.034638  0.229462  0.458739  0.718579  1.003392  1.306252  1.622460 ; 
 1.646401  1.306251  0.983614  0.677900  0.395658  0.142647  -0.076949  -0.260524  -0.406898  -0.260524  -0.076949  0.142647  0.395658  0.677900  0.983614  1.306251 ; 
 1.347019  1.003392  0.677900  0.374283  0.098091  -0.146281  -0.355864  -0.529076  -0.665561  -0.529076  -0.355864  -0.146281  0.098091  0.374283  0.677900  1.003392 ; 
 1.062901  0.718579  0.395658  0.098091  -0.169779  -0.404662  -0.604516  -0.768525  -0.896925  -0.768525  -0.604517  -0.404662  -0.169779  0.098091  0.395658  0.718579 ; 
 0.798699  0.458739  0.142647  -0.146281  -0.404662  -0.629995  -0.820885  -0.977030  -1.099068  -0.977030  -0.820885  -0.629995  -0.404662  -0.146281  0.142647  0.458739 ; 
 0.560724  0.229462  -0.076949  -0.355864  -0.604516  -0.820885  -1.003947  -1.153705  -1.271034  -1.153706  -1.003947  -0.820885  -0.604517  -0.355864  -0.076950  0.229462 ; 
 0.354139  0.034638  -0.260524  -0.529076  -0.768525  -0.977030  -1.153705  -1.298667  -1.412887  -1.298667  -1.153706  -0.977030  -0.768525  -0.529076  -0.260524  0.034638 ; 
 0.182467  -0.123479  -0.406898  -0.665561  -0.896925  -1.099068  -1.271034  -1.412887  -1.525578  -1.412887  -1.271034  -1.099068  -0.896925  -0.665561  -0.406898  -0.123479 ; 
 0.354139  0.034638  -0.260524  -0.529076  -0.768525  -0.977030  -1.153705  -1.298667  -1.412887  -1.298667  -1.153706  -0.977030  -0.768525  -0.529076  -0.260524  0.034638 ; 
 0.560724  0.229462  -0.076949  -0.355864  -0.604517  -0.820885  -1.003947  -1.153706  -1.271034  -1.153706  -1.003947  -0.820885  -0.604517  -0.355864  -0.076950  0.229462 ; 
 0.798699  0.458739  0.142647  -0.146281  -0.404662  -0.629995  -0.820885  -0.977030  -1.099068  -0.977030  -0.820885  -0.629995  -0.404662  -0.146281  0.142647  0.458739 ; 
 1.062901  0.718579  0.395658  0.098091  -0.169779  -0.404662  -0.604517  -0.768525  -0.896925  -0.768525  -0.604517  -0.404662  -0.169779  0.098091  0.395658  0.718579 ; 
 1.347019  1.003392  0.677900  0.374283  0.098091  -0.146281  -0.355864  -0.529076  -0.665561  -0.529076  -0.355864  -0.146281  0.098091  0.374283  0.677900  1.003392 ; 
 1.646401  1.306251  0.983614  0.677900  0.395658  0.142647  -0.076950  -0.260524  -0.406898  -0.260524  -0.076950  0.142647  0.395658  0.677900  0.983614  1.306251 ; 
 1.974572  1.622460  1.306252  1.003392  0.718579  0.458739  0.229462  0.034638  -0.123479  0.034638  0.229462  0.458739  0.718579  1.003392  1.306252  1.622460 ; 
 ];
figure;imagesc(template0);

 template1 = [  5.975176  5.893951  4.231098  2.601670  1.627895  1.089180  0.724039  0.433266  0.194441  0.433266  0.724039  1.089180  1.627895  2.601670  4.231098  5.893951 ; 
 5.893951  4.003587  2.225679  1.231214  0.722101  0.383806  0.100647  -0.151874  -0.374671  -0.151874  0.100647  0.383806  0.722101  1.231214  2.225679  4.003587 ; 
 4.231099  2.225679  1.114570  0.585805  0.253789  -0.030035  -0.293272  -0.534329  -0.747335  -0.534329  -0.293272  -0.030035  0.253790  0.585805  1.114571  2.225680 ; 
 2.601670  1.231214  0.585805  0.219990  -0.079960  -0.361278  -0.623792  -0.860768  -1.065969  -0.860768  -0.623792  -0.361277  -0.079959  0.219990  0.585805  1.231215 ; 
 1.627895  0.722101  0.253790  -0.079960  -0.382952  -0.668210  -0.930430  -1.163212  -1.361278  -1.163212  -0.930430  -0.668210  -0.382952  -0.079960  0.253789  0.722101 ; 
 1.089180  0.383806  -0.030035  -0.361278  -0.668210  -0.954228  -1.213930  -1.441901  -1.633770  -1.441901  -1.213930  -0.954228  -0.668210  -0.361277  -0.030035  0.383806 ; 
 0.724039  0.100647  -0.293272  -0.623792  -0.930430  -1.213930  -1.469551  -1.692694  -1.879638  -1.692694  -1.469551  -1.213930  -0.930430  -0.623792  -0.293272  0.100647 ; 
 0.433266  -0.151874  -0.534329  -0.860768  -1.163212  -1.441901  -1.692694  -1.911509  -2.095016  -1.911509  -1.692695  -1.441902  -1.163212  -0.860769  -0.534329  -0.151874 ; 
 0.194441  -0.374671  -0.747335  -1.065969  -1.361278  -1.633770  -1.879638  -2.095016  -2.276714  -2.095016  -1.879638  -1.633770  -1.361278  -1.065969  -0.747335  -0.374671 ; 
 0.433266  -0.151874  -0.534329  -0.860768  -1.163212  -1.441901  -1.692694  -1.911509  -2.095016  -1.911509  -1.692695  -1.441901  -1.163212  -0.860768  -0.534329  -0.151874 ; 
 0.724039  0.100647  -0.293272  -0.623792  -0.930430  -1.213930  -1.469551  -1.692695  -1.879638  -1.692695  -1.469551  -1.213930  -0.930430  -0.623792  -0.293272  0.100647 ; 
 1.089180  0.383806  -0.030035  -0.361277  -0.668210  -0.954228  -1.213930  -1.441902  -1.633770  -1.441902  -1.213930  -0.954228  -0.668210  -0.361277  -0.030035  0.383806 ; 
 1.627895  0.722101  0.253790  -0.079960  -0.382952  -0.668210  -0.930430  -1.163212  -1.361278  -1.163212  -0.930430  -0.668210  -0.382953  -0.079960  0.253790  0.722101 ; 
 2.601670  1.231214  0.585805  0.219990  -0.079960  -0.361277  -0.623792  -0.860769  -1.065969  -0.860768  -0.623792  -0.361277  -0.079960  0.219990  0.585805  1.231215 ; 
 4.231099  2.225679  1.114571  0.585805  0.253789  -0.030035  -0.293272  -0.534329  -0.747335  -0.534329  -0.293272  -0.030035  0.253790  0.585806  1.114571  2.225680 ; 
 5.893951  4.003587  2.225680  1.231215  0.722101  0.383806  0.100647  -0.151874  -0.374671  -0.151874  0.100647  0.383806  0.722101  1.231215  2.225680  4.003587 ; 
 ];
figure;imagesc(template1);

 template2 = [  -3.358507  -2.319536  -1.527866  -0.461445  0.528553  1.340658  2.285081  3.424600  4.005031  3.424600  2.285081  1.340658  0.528553  -0.461445  -1.527866  -2.319536 ; 
 -2.319536  -1.026916  0.834347  2.947062  3.991216  3.442084  2.120348  1.109697  0.637722  1.109697  2.120348  3.442083  3.991216  2.947062  0.834348  -1.026916 ; 
 -1.527866  0.834347  3.390308  3.911624  2.605358  1.014401  0.006582  -0.504253  -0.781558  -0.504253  0.006583  1.014401  2.605359  3.911624  3.390308  0.834347 ; 
 -0.461445  2.947062  3.911624  2.321869  0.486928  -0.625980  -1.181613  -1.511078  -1.753855  -1.511078  -1.181613  -0.625980  0.486928  2.321869  3.911624  2.947062 ; 
 0.528553  3.991216  2.605358  0.486928  -0.819658  -1.439878  -1.780690  -2.042539  -2.271847  -2.042539  -1.780691  -1.439878  -0.819658  0.486928  2.605358  3.991216 ; 
 1.340658  3.442084  1.014401  -0.625981  -1.439878  -1.842763  -2.124168  -2.373717  -2.600764  -2.373717  -2.124168  -1.842763  -1.439878  -0.625981  1.014400  3.442083 ; 
 2.285081  2.120348  0.006582  -1.181613  -1.780691  -2.124168  -2.399630  -2.651273  -2.878440  -2.651273  -2.399630  -2.124168  -1.780691  -1.181613  0.006582  2.120348 ; 
 3.424600  1.109698  -0.504253  -1.511078  -2.042539  -2.373717  -2.651273  -2.904903  -3.131912  -2.904903  -2.651273  -2.373717  -2.042539  -1.511078  -0.504253  1.109698 ; 
 4.005031  0.637722  -0.781558  -1.753855  -2.271847  -2.600764  -2.878440  -3.131912  -3.358507  -3.131912  -2.878440  -2.600764  -2.271847  -1.753855  -0.781558  0.637722 ; 
 3.424600  1.109697  -0.504253  -1.511078  -2.042539  -2.373717  -2.651273  -2.904903  -3.131912  -2.904903  -2.651273  -2.373717  -2.042539  -1.511078  -0.504253  1.109697 ; 
 2.285081  2.120348  0.006583  -1.181613  -1.780691  -2.124168  -2.399630  -2.651273  -2.878440  -2.651273  -2.399630  -2.124168  -1.780691  -1.181613  0.006583  2.120348 ; 
 1.340658  3.442083  1.014402  -0.625981  -1.439878  -1.842763  -2.124168  -2.373717  -2.600764  -2.373717  -2.124168  -1.842763  -1.439879  -0.625981  1.014401  3.442083 ; 
 0.528553  3.991216  2.605359  0.486928  -0.819658  -1.439878  -1.780690  -2.042539  -2.271847  -2.042539  -1.780691  -1.439879  -0.819659  0.486928  2.605358  3.991216 ; 
 -0.461445  2.947062  3.911624  2.321869  0.486928  -0.625981  -1.181613  -1.511078  -1.753855  -1.511078  -1.181613  -0.625981  0.486928  2.321869  3.911624  2.947062 ; 
 -1.527866  0.834347  3.390308  3.911624  2.605358  1.014401  0.006582  -0.504253  -0.781558  -0.504253  0.006583  1.014401  2.605358  3.911624  3.390307  0.834347 ; 
 -2.319536  -1.026916  0.834346  2.947062  3.991216  3.442084  2.120348  1.109697  0.637722  1.109697  2.120348  3.442083  3.991216  2.947062  0.834347  -1.026915 ; 
 ];
figure;imagesc(template2);

 template3 = [  -6.249818  -6.249818  -6.249818  -4.931587  -4.297990  -4.073669  -3.890508  -3.753158  -3.701492  -3.753158  -3.890508  -4.073669  -4.297990  -4.931587  -6.249818  -6.249818 ; 
 -6.249818  -6.249818  -6.249818  -4.718240  -4.073669  -3.701492  -3.311710  -3.028564  -2.928146  -3.028564  -3.311710  -3.701492  -4.073669  -4.718240  -6.249818  -6.249818 ; 
 -6.249818  -6.249818  -6.249818  -4.505319  -3.701492  -2.928146  -2.286660  -1.933557  -1.827692  -1.933557  -2.286660  -2.928146  -3.701492  -4.505319  -6.249818  -6.249818 ; 
 -2.431587  -2.218240  -2.005319  0.153838  1.748003  3.220635  4.460938  5.665684  6.250182  5.665684  4.460938  3.220635  1.748003  0.153838  -2.005319  -2.218240 ; 
 -1.797990  -1.573670  -1.201492  1.748003  5.094436  6.250182  5.460467  4.094385  3.220635  4.094385  5.460467  6.250182  5.094436  1.748003  -1.201492  -1.573670 ; 
 -1.573670  -1.201492  -0.428146  3.220635  6.250182  5.094436  3.346652  2.224830  1.748003  2.224830  3.346652  5.094436  6.250182  3.220635  -0.428146  -1.201492 ; 
 -1.390508  -0.811710  0.213340  4.460938  5.460466  3.346652  1.871238  1.154383  0.838087  1.154383  1.871238  3.346652  5.460466  4.460938  0.213340  -0.811710 ; 
 -1.253158  -0.528564  0.566443  5.665684  4.094385  2.224830  1.154383  0.656832  0.399097  0.656832  1.154383  2.224831  4.094385  5.665684  0.566443  -0.528565 ; 
 -1.201492  -0.428146  0.672309  6.250182  3.220635  1.748003  0.838087  0.399097  0.153838  0.399097  0.838087  1.748003  3.220635  6.250182  0.672309  -0.428146 ; 
 -1.253158  -0.528564  0.566443  5.665684  4.094385  2.224830  1.154383  0.656832  0.399097  0.656832  1.154383  2.224831  4.094385  5.665684  0.566443  -0.528565 ; 
 -1.390508  -0.811710  0.213340  4.460938  5.460466  3.346652  1.871238  1.154384  0.838087  1.154384  1.871238  3.346652  5.460466  4.460938  0.213340  -0.811710 ; 
 -1.573670  -1.201492  -0.428146  3.220635  6.250182  5.094436  3.346652  2.224831  1.748003  2.224831  3.346652  5.094436  6.250182  3.220635  -0.428146  -1.201492 ; 
 -1.797990  -1.573670  -1.201492  1.748003  5.094436  6.250182  5.460467  4.094385  3.220635  4.094385  5.460467  6.250182  5.094436  1.748003  -1.201492  -1.573670 ; 
 -2.431587  -2.218240  -2.005319  0.153838  1.748003  3.220635  4.460938  5.665684  6.250182  5.665684  4.460938  3.220635  1.748003  0.153838  -2.005319  -2.218240 ; 
 -6.249818  -6.249818  -6.249818  -4.505319  -3.701492  -2.928146  -2.286660  -1.933557  -1.827692  -1.933557  -2.286660  -2.928146  -3.701492  -4.505319  -6.249818  -6.249818 ; 
 -6.249818  -6.249818  -6.249818  -4.718240  -4.073669  -3.701492  -3.311710  -3.028565  -2.928146  -3.028565  -3.311710  -3.701492  -4.073669  -4.718240  -6.249818  -6.249818 ; 
 ];
figure;imagesc(template3);

