 template0 = [  1.000000  1.000000  1.000000  1.000000  1.000000  1.000000  1.000000  1.000000  1.000000  0.996849  0.968731  0.934651  0.894601  0.851169  0.806686  0.763072  0.721819  0.684021  0.650444  0.621589  0.597766  0.579146  0.565816  0.557811  0.555142  0.557811  0.565816  0.579146  0.597766  0.621589  0.650444  0.684021  0.721819  0.763072  0.806686  0.851169  0.894601  0.934651  0.968731  0.996849  1.000000  1.000000  1.000000  1.000000  1.000000  1.000000  1.000000  1.000000 ; 
 1.000000  1.000000  1.000000  1.000000  1.000000  1.000000  1.000000  1.000000  1.000000  0.994958  0.955078  0.909976  0.859142  0.805807  0.752673  0.701803  0.654670  0.612256  0.575161  0.543706  0.518022  0.498127  0.483980  0.475522  0.472708  0.475522  0.483980  0.498127  0.518022  0.543706  0.575161  0.612256  0.654670  0.701803  0.752673  0.805807  0.859142  0.909976  0.955078  0.994958  1.000000  1.000000  1.000000  1.000000  1.000000  1.000000  1.000000  1.000000 ; 
 1.000000  1.000000  1.000000  1.000000  1.000000  1.000000  1.000000  1.000000  1.000000  0.992093  0.936742  0.878439  0.815480  0.751637  0.689835  0.632121  0.579801  0.533613  0.493890  0.460688  0.433908  0.413368  0.398873  0.390253  0.387393  0.390253  0.398873  0.413368  0.433908  0.460688  0.493890  0.533613  0.579801  0.632121  0.689835  0.751637  0.815480  0.878439  0.936742  0.992093  1.000000  1.000000  1.000000  1.000000  1.000000  1.000000  1.000000  1.000000 ; 
 1.000000  1.000000  1.000000  1.000000  1.000000  1.000000  1.000000  1.000000  1.000000  0.987845  0.912685  0.839106  0.763072  0.688646  0.618734  0.555142  0.498824  0.450130  0.409017  0.375218  0.348364  0.328052  0.313899  0.305566  0.302817  0.305566  0.313899  0.328052  0.348364  0.375218  0.409017  0.450130  0.498824  0.555142  0.618734  0.688646  0.763072  0.839106  0.912685  0.987845  1.000000  1.000000  1.000000  1.000000  1.000000  1.000000  1.000000  1.000000 ; 
 1.000000  1.000000  1.000000  1.000000  1.000000  1.000000  1.000000  1.000000  1.000000  0.981684  0.881866  0.791262  0.701803  0.617407  0.540614  0.472708  0.414085  0.364584  0.323786  0.291218  0.266391  0.248679  0.237198  0.230904  0.228921  0.230904  0.237198  0.248679  0.266391  0.291218  0.323786  0.364584  0.414085  0.472708  0.540614  0.617407  0.701803  0.791262  0.881866  0.981684  1.000000  1.000000  1.000000  1.000000  1.000000  1.000000  1.000000  1.000000 ; 
 1.000000  1.000000  1.000000  1.000000  1.000000  1.000000  1.000000  1.000000  1.000000  0.972948  0.843334  0.734553  0.632121  0.539179  0.457449  0.387393  0.328756  0.281242  0.245129  0.221171  0.209460  0.208086  0.212885  0.218651  0.221119  0.218651  0.212885  0.208086  0.209460  0.221171  0.245129  0.281242  0.328756  0.387393  0.457449  0.539179  0.632121  0.734553  0.843334  0.972948  1.000000  1.000000  1.000000  1.000000  1.000000  1.000000  1.000000  1.000000 ; 
 1.000000  1.000000  1.000000  1.000000  1.000000  1.000000  1.000000  1.000000  1.000000  0.960836  0.796348  0.669122  0.555142  0.455947  0.371949  0.302817  0.249271  0.215502  0.208949  0.235146  0.291369  0.364877  0.436868  0.488809  0.507666  0.488809  0.436868  0.364877  0.291369  0.235146  0.208949  0.215502  0.249271  0.302817  0.371949  0.455947  0.555142  0.669122  0.796348  0.960836  1.000000  1.000000  1.000000  1.000000  1.000000  1.000000  1.000000  1.000000 ; 
 1.000000  1.000000  1.000000  1.000000  1.000000  1.000000  1.000000  1.000000  1.000000  0.944424  0.740512  0.595730  0.472708  0.370435  0.288134  0.228921  0.207988  0.252756  0.384586  0.597583  0.856662  1.113784  1.325820  1.463330  1.510728  1.463330  1.325820  1.113784  0.856662  0.597583  0.384586  0.252756  0.207988  0.228921  0.288134  0.370435  0.472708  0.595730  0.740512  0.944424  1.000000  1.000000  1.000000  1.000000  1.000000  1.000000  1.000000  1.000000 ; 
 1.000000  1.000000  1.000000  1.000000  1.000000  1.000000  1.000000  1.000000  1.000000  0.922695  0.675914  0.515840  0.387393  0.286711  0.219307  0.221119  0.361782  0.689722  1.174832  1.721649  2.229028  2.633244  2.913163  3.073426  3.125153  3.073426  2.913163  2.633244  2.229028  1.721649  1.174832  0.689722  0.361782  0.221119  0.219307  0.286711  0.387393  0.515840  0.675914  0.922695  1.000000  1.000000  1.000000  1.000000  1.000000  1.000000  1.000000  1.000000 ; 
 -0.003151  -0.005042  -0.007907  -0.012155  -0.018316  -0.027052  -0.039164  -0.055576  -0.077305  -0.210798  -0.537608  -0.752874  -0.934110  -1.079718  -1.127895  -0.937192  -0.423338  0.304090  1.021067  1.564054  1.939651  2.417784  3.493011  5.124051  6.000000  5.124051  3.493011  2.417784  1.939651  1.564054  1.021067  0.304090  -0.423338  -0.937192  -1.127895  -1.079718  -0.934110  -0.752874  -0.537608  -0.210798  -0.077305  -0.055576  -0.039164  -0.027052  -0.018316  -0.012155  -0.007907  -0.005042 ; 
 -0.031269  -0.044922  -0.063258  -0.087315  -0.118134  -0.156666  -0.203652  -0.259488  -0.324086  -0.537608  -0.952175  -1.213863  -1.416617  -1.485693  -1.164183  -0.214259  1.409227  3.611867  5.580562  5.835899  4.293694  2.567438  1.659768  1.383649  1.379730  1.383649  1.659768  2.567438  4.293694  5.835899  5.580562  3.611867  1.409227  -0.214259  -1.164183  -1.485693  -1.416617  -1.213863  -0.952175  -0.537608  -0.324086  -0.259488  -0.203652  -0.156666  -0.118134  -0.087315  -0.063258  -0.044922 ; 
 -0.065349  -0.090024  -0.121561  -0.160894  -0.208738  -0.265447  -0.330878  -0.404270  -0.484160  -0.752874  -1.213863  -1.471253  -1.569956  -1.064589  0.663079  3.398525  5.649568  5.705745  3.813227  1.815701  0.680907  0.183963  -0.029046  -0.097753  -0.060477  -0.097753  -0.029046  0.183963  0.680907  1.815701  3.813227  5.705745  5.649568  3.398525  0.663079  -1.064589  -1.569956  -1.471253  -1.213863  -0.752874  -0.484160  -0.404270  -0.330878  -0.265447  -0.208738  -0.160894  -0.121561  -0.090024 ; 
 -0.105399  -0.140858  -0.184520  -0.236928  -0.298197  -0.367879  -0.444858  -0.527292  -0.612607  -0.934110  -1.416617  -1.569956  -0.984669  1.318970  4.513397  6.000000  4.682767  2.205227  0.401622  -0.463915  -0.827985  -0.977869  -1.020652  -0.999931  -0.937192  -0.999931  -1.020652  -0.977869  -0.827985  -0.463915  0.401622  2.205227  4.682767  6.000000  4.513397  1.318970  -0.984669  -1.569956  -1.416617  -0.934110  -0.612607  -0.527292  -0.444858  -0.367879  -0.298197  -0.236928  -0.184520  -0.140858 ; 
 -0.148831  -0.194193  -0.248363  -0.311354  -0.382593  -0.460821  -0.544053  -0.629565  -0.713289  -1.079718  -1.485693  -1.064589  1.318970  4.824620  5.929299  3.933392  1.231671  -0.435091  -1.111080  -1.325626  -1.366452  -1.336622  -1.276477  -1.205226  -1.132336  -1.205226  -1.276477  -1.336622  -1.366452  -1.325626  -1.111080  -0.435092  1.231670  3.933390  5.929298  4.824621  1.318972  -1.064588  -1.485693  -1.079718  -0.713289  -0.629565  -0.544054  -0.460821  -0.382593  -0.311354  -0.248363  -0.194193 ; 
 -0.193314  -0.247327  -0.310165  -0.381266  -0.459386  -0.542551  -0.628051  -0.711866  -0.780693  -1.127895  -1.164183  0.663079  4.513398  5.929298  3.674765  0.775903  -0.858489  -1.410094  -1.509292  -1.469715  -1.389110  -1.298057  -1.208925  -1.127736  -1.057584  -1.127736  -1.208925  -1.298057  -1.389110  -1.469715  -1.509292  -1.410094  -0.858489  0.775903  3.674765  5.929298  4.513398  0.663079  -1.164183  -1.127895  -0.780693  -0.711866  -0.628051  -0.542551  -0.459386  -0.381266  -0.310165  -0.247327 ; 
 -0.236928  -0.298197  -0.367879  -0.444858  -0.527292  -0.612607  -0.697183  -0.771079  -0.778881  -0.937192  -0.214259  3.398525  6.000000  3.933392  0.775903  -0.984669  -1.518369  -1.562418  -1.481093  -1.374876  -1.267425  -1.166512  -1.075998  -0.998120  -0.934110  -0.998120  -1.075998  -1.166512  -1.267425  -1.374876  -1.481093  -1.562418  -1.518369  -0.984669  0.775903  3.933392  6.000000  3.398525  -0.214259  -0.937192  -0.778881  -0.771079  -0.697183  -0.612607  -0.527292  -0.444858  -0.367879  -0.298197 ; 
 -0.278181  -0.345330  -0.420199  -0.501176  -0.585916  -0.671244  -0.750729  -0.792012  -0.638218  -0.423338  1.409227  5.649568  4.682767  1.231671  -0.858489  -1.518369  -1.572479  -1.476199  -1.356878  -1.239111  -1.129014  -1.029679  -0.943114  -0.870534  -0.812495  -0.870534  -0.943114  -1.029680  -1.129015  -1.239111  -1.356878  -1.476199  -1.572479  -1.518368  -0.858487  1.231674  4.682769  5.649567  1.409224  -0.423340  -0.638218  -0.792012  -0.750729  -0.671244  -0.585915  -0.501176  -0.420199  -0.345330 ; 
 -0.315979  -0.387744  -0.466387  -0.549870  -0.635416  -0.718758  -0.784498  -0.747244  -0.310278  0.304090  3.611867  5.705745  2.205227  -0.435091  -1.410094  -1.562418  -1.476199  -1.350040  -1.223965  -1.105346  -0.997191  -0.901518  -0.819633  -0.752199  -0.699337  -0.752199  -0.819633  -0.901519  -0.997191  -1.105346  -1.223965  -1.350040  -1.476199  -1.562418  -1.410093  -0.435090  2.205229  5.705745  3.611866  0.304089  -0.310279  -0.747244  -0.784498  -0.718758  -0.635416  -0.549870  -0.466387  -0.387744 ; 
 -0.349556  -0.424839  -0.506110  -0.590983  -0.676214  -0.754871  -0.791051  -0.615414  0.174832  1.021067  5.580562  3.813227  0.401622  -1.111080  -1.509292  -1.481093  -1.356878  -1.223965  -1.097322  -0.980560  -0.875775  -0.784383  -0.707187  -0.644436  -0.595930  -0.644436  -0.707187  -0.784383  -0.875775  -0.980560  -1.097322  -1.223965  -1.356878  -1.481093  -1.509292  -1.111079  0.401624  3.813229  5.580561  1.021066  0.174830  -0.615415  -0.791051  -0.754871  -0.676214  -0.590983  -0.506110  -0.424839 ; 
 -0.378411  -0.456294  -0.539312  -0.624782  -0.708782  -0.778829  -0.764854  -0.402417  0.721649  1.564054  5.835899  1.815701  -0.463915  -1.325626  -1.469715  -1.374876  -1.239111  -1.105346  -0.980560  -0.867067  -0.766384  -0.679467  -0.606735  -0.548128  -0.503215  -0.548128  -0.606735  -0.679467  -0.766384  -0.867067  -0.980560  -1.105346  -1.239111  -1.374876  -1.469715  -1.325626  -0.463915  1.815701  5.835899  1.564054  0.721649  -0.402417  -0.764854  -0.778829  -0.708782  -0.624782  -0.539312  -0.456294 ; 
 -0.402234  -0.481978  -0.566092  -0.651636  -0.733609  -0.790540  -0.708631  -0.143338  1.229028  1.939651  4.293694  0.680907  -0.827985  -1.366452  -1.389110  -1.267425  -1.129014  -0.997191  -0.875775  -0.766384  -0.670115  -0.587586  -0.518941  -0.463904  -0.421884  -0.463904  -0.518941  -0.587586  -0.670115  -0.766384  -0.875775  -0.997191  -1.129014  -1.267425  -1.389110  -1.366453  -0.827986  0.680905  4.293694  1.939652  1.229030  -0.143337  -0.708631  -0.790540  -0.733609  -0.651637  -0.566092  -0.481978 ; 
 -0.420854  -0.501873  -0.586632  -0.671947  -0.751321  -0.791914  -0.635123  0.113783  1.633244  2.417784  2.567438  0.183963  -0.977869  -1.336622  -1.298057  -1.166512  -1.029680  -0.901518  -0.784383  -0.679467  -0.587586  -0.509138  -0.444087  -0.392023  -0.352253  -0.392023  -0.444087  -0.509138  -0.587586  -0.679467  -0.784383  -0.901519  -1.029680  -1.166512  -1.298057  -1.336622  -0.977869  0.183964  2.567439  2.417783  1.633242  0.113782  -0.635123  -0.791914  -0.751321  -0.671947  -0.586632  -0.501873 ; 
 -0.434184  -0.516020  -0.601127  -0.686101  -0.762802  -0.787115  -0.563132  0.325820  1.913163  3.493010  1.659769  -0.029046  -1.020652  -1.276477  -1.208925  -1.075998  -0.943114  -0.819633  -0.707187  -0.606735  -0.518941  -0.444087  -0.382048  -0.332340  -0.294220  -0.332340  -0.382048  -0.444087  -0.518941  -0.606734  -0.707187  -0.819633  -0.943113  -1.075998  -1.208925  -1.276477  -1.020652  -0.029047  1.659767  3.493011  1.913165  0.325821  -0.563131  -0.787115  -0.762802  -0.686101  -0.601127  -0.516021 ; 
 -0.442189  -0.524478  -0.609747  -0.694434  -0.769096  -0.781349  -0.511191  0.463330  2.073426  5.124051  1.383649  -0.097753  -0.999931  -1.205226  -1.127736  -0.998120  -0.870534  -0.752199  -0.644436  -0.548128  -0.463904  -0.392023  -0.332340  -0.284358  -0.247317  -0.284358  -0.332340  -0.392023  -0.463904  -0.548128  -0.644436  -0.752199  -0.870534  -0.998120  -1.127736  -1.205226  -0.999931  -0.097752  1.383650  5.124051  2.073425  0.463329  -0.511192  -0.781349  -0.769096  -0.694434  -0.609747  -0.524478 ; 
 -0.444858  -0.527292  -0.612607  -0.697183  -0.771079  -0.778881  -0.492334  0.510728  2.125153  6.000000  1.379730  -0.060477  -0.937192  -1.132336  -1.057584  -0.934110  -0.812495  -0.699337  -0.595930  -0.503215  -0.421884  -0.352253  -0.294220  -0.247317  -0.210798  -0.247317  -0.294220  -0.352253  -0.421884  -0.503215  -0.595930  -0.699337  -0.812495  -0.934110  -1.057584  -1.132336  -0.937192  -0.060477  1.379730  6.000000  2.125153  0.510728  -0.492334  -0.778881  -0.771079  -0.697183  -0.612607  -0.527292 ; 
 -0.442189  -0.524478  -0.609747  -0.694434  -0.769096  -0.781349  -0.511191  0.463330  2.073426  5.124051  1.383649  -0.097753  -0.999931  -1.205226  -1.127736  -0.998120  -0.870534  -0.752199  -0.644436  -0.548128  -0.463904  -0.392023  -0.332340  -0.284358  -0.247317  -0.284358  -0.332340  -0.392023  -0.463904  -0.548128  -0.644436  -0.752200  -0.870534  -0.998120  -1.127736  -1.205226  -0.999931  -0.097752  1.383650  5.124051  2.073425  0.463329  -0.511192  -0.781349  -0.769096  -0.694434  -0.609747  -0.524478 ; 
 -0.434184  -0.516020  -0.601127  -0.686101  -0.762802  -0.787115  -0.563132  0.325820  1.913163  3.493010  1.659769  -0.029046  -1.020652  -1.276477  -1.208925  -1.075998  -0.943114  -0.819633  -0.707187  -0.606735  -0.518941  -0.444087  -0.382048  -0.332340  -0.294220  -0.332340  -0.382048  -0.444087  -0.518941  -0.606734  -0.707187  -0.819633  -0.943114  -1.075998  -1.208925  -1.276477  -1.020652  -0.029047  1.659767  3.493011  1.913165  0.325821  -0.563131  -0.787115  -0.762802  -0.686101  -0.601127  -0.516021 ; 
 -0.420854  -0.501873  -0.586632  -0.671947  -0.751321  -0.791914  -0.635123  0.113783  1.633244  2.417784  2.567438  0.183963  -0.977869  -1.336622  -1.298057  -1.166512  -1.029680  -0.901519  -0.784383  -0.679467  -0.587586  -0.509138  -0.444087  -0.392023  -0.352253  -0.392023  -0.444087  -0.509138  -0.587586  -0.679467  -0.784383  -0.901519  -1.029680  -1.166512  -1.298057  -1.336622  -0.977869  0.183964  2.567439  2.417783  1.633242  0.113782  -0.635123  -0.791914  -0.751321  -0.671947  -0.586632  -0.501873 ; 
 -0.402234  -0.481978  -0.566092  -0.651636  -0.733609  -0.790540  -0.708631  -0.143338  1.229028  1.939651  4.293694  0.680907  -0.827985  -1.366452  -1.389110  -1.267425  -1.129015  -0.997191  -0.875775  -0.766384  -0.670115  -0.587586  -0.518941  -0.463904  -0.421884  -0.463904  -0.518941  -0.587586  -0.670115  -0.766384  -0.875775  -0.997191  -1.129014  -1.267425  -1.389110  -1.366453  -0.827986  0.680905  4.293694  1.939652  1.229030  -0.143337  -0.708631  -0.790540  -0.733609  -0.651637  -0.566092  -0.481978 ; 
 -0.378411  -0.456294  -0.539312  -0.624782  -0.708782  -0.778829  -0.764854  -0.402417  0.721649  1.564054  5.835899  1.815701  -0.463915  -1.325626  -1.469715  -1.374876  -1.239111  -1.105346  -0.980560  -0.867067  -0.766384  -0.679467  -0.606734  -0.548128  -0.503215  -0.548128  -0.606734  -0.679467  -0.766384  -0.867067  -0.980560  -1.105346  -1.239111  -1.374876  -1.469715  -1.325626  -0.463915  1.815701  5.835899  1.564054  0.721649  -0.402417  -0.764854  -0.778829  -0.708782  -0.624782  -0.539312  -0.456294 ; 
 -0.349556  -0.424839  -0.506110  -0.590983  -0.676214  -0.754871  -0.791051  -0.615414  0.174832  1.021067  5.580562  3.813227  0.401622  -1.111080  -1.509292  -1.481093  -1.356878  -1.223965  -1.097322  -0.980560  -0.875775  -0.784383  -0.707187  -0.644436  -0.595930  -0.644436  -0.707187  -0.784383  -0.875775  -0.980560  -1.097322  -1.223965  -1.356878  -1.481093  -1.509292  -1.111079  0.401624  3.813229  5.580561  1.021066  0.174830  -0.615415  -0.791051  -0.754871  -0.676214  -0.590983  -0.506110  -0.424839 ; 
 -0.315979  -0.387744  -0.466387  -0.549870  -0.635416  -0.718758  -0.784498  -0.747244  -0.310278  0.304090  3.611867  5.705745  2.205227  -0.435092  -1.410094  -1.562418  -1.476199  -1.350040  -1.223965  -1.105346  -0.997191  -0.901519  -0.819633  -0.752199  -0.699337  -0.752200  -0.819633  -0.901519  -0.997191  -1.105346  -1.223965  -1.350040  -1.476199  -1.562418  -1.410093  -0.435090  2.205229  5.705745  3.611866  0.304089  -0.310279  -0.747244  -0.784498  -0.718758  -0.635416  -0.549870  -0.466387  -0.387744 ; 
 -0.278181  -0.345330  -0.420199  -0.501176  -0.585916  -0.671244  -0.750729  -0.792012  -0.638218  -0.423338  1.409227  5.649568  4.682767  1.231670  -0.858489  -1.518369  -1.572479  -1.476199  -1.356878  -1.239111  -1.129014  -1.029680  -0.943113  -0.870534  -0.812495  -0.870534  -0.943114  -1.029680  -1.129014  -1.239111  -1.356878  -1.476199  -1.572479  -1.518368  -0.858487  1.231673  4.682769  5.649567  1.409224  -0.423340  -0.638218  -0.792012  -0.750729  -0.671244  -0.585915  -0.501176  -0.420199  -0.345330 ; 
 -0.236928  -0.298197  -0.367879  -0.444858  -0.527292  -0.612607  -0.697183  -0.771079  -0.778881  -0.937192  -0.214259  3.398525  6.000000  3.933390  0.775903  -0.984669  -1.518368  -1.562418  -1.481093  -1.374876  -1.267425  -1.166512  -1.075998  -0.998120  -0.934110  -0.998120  -1.075998  -1.166512  -1.267425  -1.374876  -1.481093  -1.562418  -1.518368  -0.984669  0.775903  3.933390  6.000000  3.398525  -0.214259  -0.937192  -0.778881  -0.771079  -0.697183  -0.612607  -0.527292  -0.444858  -0.367879  -0.298197 ; 
 -0.193314  -0.247327  -0.310165  -0.381266  -0.459386  -0.542551  -0.628051  -0.711866  -0.780693  -1.127895  -1.164183  0.663079  4.513398  5.929298  3.674765  0.775903  -0.858487  -1.410093  -1.509292  -1.469715  -1.389110  -1.298057  -1.208925  -1.127736  -1.057584  -1.127736  -1.208925  -1.298057  -1.389110  -1.469715  -1.509292  -1.410093  -0.858487  0.775903  3.674765  5.929298  4.513398  0.663079  -1.164183  -1.127895  -0.780693  -0.711866  -0.628051  -0.542551  -0.459386  -0.381266  -0.310165  -0.247327 ; 
 -0.148831  -0.194193  -0.248363  -0.311354  -0.382593  -0.460821  -0.544053  -0.629565  -0.713289  -1.079718  -1.485693  -1.064589  1.318970  4.824621  5.929299  3.933392  1.231674  -0.435090  -1.111079  -1.325626  -1.366453  -1.336622  -1.276477  -1.205226  -1.132336  -1.205226  -1.276477  -1.336622  -1.366453  -1.325626  -1.111079  -0.435090  1.231673  3.933390  5.929298  4.824623  1.318972  -1.064588  -1.485693  -1.079718  -0.713289  -0.629565  -0.544054  -0.460821  -0.382593  -0.311354  -0.248363  -0.194193 ; 
 -0.105399  -0.140858  -0.184520  -0.236928  -0.298197  -0.367879  -0.444858  -0.527292  -0.612607  -0.934110  -1.416617  -1.569956  -0.984669  1.318972  4.513397  6.000000  4.682770  2.205229  0.401624  -0.463915  -0.827986  -0.977869  -1.020652  -0.999931  -0.937192  -0.999931  -1.020652  -0.977869  -0.827986  -0.463915  0.401624  2.205229  4.682770  6.000000  4.513397  1.318972  -0.984669  -1.569956  -1.416617  -0.934110  -0.612607  -0.527292  -0.444858  -0.367879  -0.298197  -0.236928  -0.184520  -0.140858 ; 
 -0.065349  -0.090024  -0.121561  -0.160894  -0.208738  -0.265447  -0.330878  -0.404270  -0.484160  -0.752874  -1.213863  -1.471253  -1.569956  -1.064588  0.663079  3.398525  5.649567  5.705745  3.813228  1.815701  0.680905  0.183964  -0.029047  -0.097752  -0.060477  -0.097752  -0.029047  0.183964  0.680905  1.815701  3.813228  5.705745  5.649567  3.398525  0.663079  -1.064588  -1.569956  -1.471253  -1.213863  -0.752874  -0.484160  -0.404270  -0.330878  -0.265447  -0.208738  -0.160894  -0.121561  -0.090024 ; 
 -0.031269  -0.044922  -0.063258  -0.087315  -0.118134  -0.156666  -0.203652  -0.259488  -0.324086  -0.537608  -0.952175  -1.213863  -1.416617  -1.485693  -1.164183  -0.214259  1.409224  3.611866  5.580561  5.835899  4.293694  2.567439  1.659767  1.383650  1.379730  1.383650  1.659767  2.567439  4.293694  5.835899  5.580561  3.611866  1.409224  -0.214259  -1.164183  -1.485693  -1.416617  -1.213863  -0.952175  -0.537608  -0.324086  -0.259488  -0.203652  -0.156666  -0.118134  -0.087315  -0.063258  -0.044922 ; 
 -0.003151  -0.005042  -0.007907  -0.012155  -0.018316  -0.027052  -0.039164  -0.055576  -0.077305  -0.210798  -0.537608  -0.752874  -0.934110  -1.079718  -1.127895  -0.937192  -0.423340  0.304089  1.021066  1.564054  1.939652  2.417783  3.493011  5.124051  6.000000  5.124051  3.493011  2.417783  1.939652  1.564054  1.021066  0.304089  -0.423340  -0.937192  -1.127895  -1.079718  -0.934110  -0.752874  -0.537608  -0.210798  -0.077305  -0.055576  -0.039164  -0.027052  -0.018316  -0.012155  -0.007907  -0.005042 ; 
 1.000000  1.000000  1.000000  1.000000  1.000000  1.000000  1.000000  1.000000  1.000000  0.922695  0.675914  0.515840  0.387393  0.286711  0.219307  0.221119  0.361782  0.689721  1.174830  1.721649  2.229030  2.633242  2.913165  3.073425  3.125153  3.073425  2.913165  2.633242  2.229030  1.721649  1.174830  0.689721  0.361782  0.221119  0.219307  0.286711  0.387393  0.515840  0.675914  0.922695  1.000000  1.000000  1.000000  1.000000  1.000000  1.000000  1.000000  1.000000 ; 
 1.000000  1.000000  1.000000  1.000000  1.000000  1.000000  1.000000  1.000000  1.000000  0.944424  0.740512  0.595730  0.472708  0.370435  0.288134  0.228921  0.207988  0.252756  0.384585  0.597583  0.856663  1.113782  1.325821  1.463329  1.510728  1.463329  1.325821  1.113782  0.856663  0.597583  0.384585  0.252756  0.207988  0.228921  0.288134  0.370435  0.472708  0.595730  0.740512  0.944424  1.000000  1.000000  1.000000  1.000000  1.000000  1.000000  1.000000  1.000000 ; 
 1.000000  1.000000  1.000000  1.000000  1.000000  1.000000  1.000000  1.000000  1.000000  0.960836  0.796348  0.669122  0.555142  0.455946  0.371949  0.302817  0.249271  0.215502  0.208949  0.235146  0.291369  0.364877  0.436869  0.488808  0.507666  0.488808  0.436869  0.364877  0.291369  0.235146  0.208949  0.215502  0.249271  0.302817  0.371949  0.455946  0.555142  0.669122  0.796348  0.960836  1.000000  1.000000  1.000000  1.000000  1.000000  1.000000  1.000000  1.000000 ; 
 1.000000  1.000000  1.000000  1.000000  1.000000  1.000000  1.000000  1.000000  1.000000  0.972948  0.843334  0.734553  0.632121  0.539179  0.457449  0.387393  0.328756  0.281242  0.245129  0.221171  0.209460  0.208086  0.212885  0.218651  0.221119  0.218651  0.212885  0.208086  0.209460  0.221171  0.245129  0.281242  0.328756  0.387393  0.457449  0.539179  0.632121  0.734553  0.843334  0.972948  1.000000  1.000000  1.000000  1.000000  1.000000  1.000000  1.000000  1.000000 ; 
 1.000000  1.000000  1.000000  1.000000  1.000000  1.000000  1.000000  1.000000  1.000000  0.981684  0.881866  0.791262  0.701803  0.617407  0.540614  0.472708  0.414085  0.364584  0.323786  0.291218  0.266391  0.248679  0.237198  0.230904  0.228921  0.230904  0.237198  0.248679  0.266391  0.291218  0.323786  0.364584  0.414085  0.472708  0.540614  0.617407  0.701803  0.791262  0.881866  0.981684  1.000000  1.000000  1.000000  1.000000  1.000000  1.000000  1.000000  1.000000 ; 
 1.000000  1.000000  1.000000  1.000000  1.000000  1.000000  1.000000  1.000000  1.000000  0.987845  0.912685  0.839106  0.763072  0.688646  0.618734  0.555142  0.498824  0.450130  0.409017  0.375218  0.348363  0.328053  0.313899  0.305566  0.302817  0.305566  0.313899  0.328053  0.348363  0.375218  0.409017  0.450130  0.498824  0.555142  0.618734  0.688646  0.763072  0.839106  0.912685  0.987845  1.000000  1.000000  1.000000  1.000000  1.000000  1.000000  1.000000  1.000000 ; 
 1.000000  1.000000  1.000000  1.000000  1.000000  1.000000  1.000000  1.000000  1.000000  0.992093  0.936742  0.878439  0.815480  0.751637  0.689835  0.632121  0.579801  0.533613  0.493890  0.460688  0.433908  0.413368  0.398873  0.390253  0.387393  0.390253  0.398873  0.413368  0.433908  0.460688  0.493890  0.533613  0.579801  0.632121  0.689835  0.751637  0.815480  0.878439  0.936742  0.992093  1.000000  1.000000  1.000000  1.000000  1.000000  1.000000  1.000000  1.000000 ; 
 1.000000  1.000000  1.000000  1.000000  1.000000  1.000000  1.000000  1.000000  1.000000  0.994958  0.955078  0.909976  0.859142  0.805807  0.752673  0.701803  0.654670  0.612256  0.575161  0.543706  0.518022  0.498127  0.483979  0.475522  0.472708  0.475522  0.483979  0.498127  0.518022  0.543706  0.575161  0.612256  0.654670  0.701803  0.752673  0.805807  0.859142  0.909976  0.955078  0.994958  1.000000  1.000000  1.000000  1.000000  1.000000  1.000000  1.000000  1.000000 ; 
 ];

  template1 = [  2.142857  2.142857  2.142857  2.142857  2.142857  2.142857  2.142857  2.142857  2.142857  2.142857  2.142857  2.142857  2.142857  2.142857  2.142857  2.142857  2.142857  2.136105  2.109390  2.087078  2.066358  2.048632  2.035105  2.026643  2.023765  2.026643  2.035105  2.048632  2.066358  2.087078  2.109390  2.136105  2.142857  2.142857  2.142857  2.142857  2.142857  2.142857  2.142857  2.142857  2.142857  2.142857  2.142857  2.142857  2.142857  2.142857  2.142857  2.142857 ; 
 2.142857  2.142857  2.142857  2.142857  2.142857  2.142857  2.142857  2.142857  2.142857  2.142857  2.142857  2.142857  2.142857  2.142857  2.142857  2.142857  2.142857  2.132053  2.093035  2.061940  2.033743  2.010011  1.992100  1.980975  1.977204  1.980975  1.992100  2.010011  2.033743  2.061940  2.093035  2.132053  2.142857  2.142857  2.142857  2.142857  2.142857  2.142857  2.142857  2.142857  2.142857  2.142857  2.142857  2.142857  2.142857  2.142857  2.142857  2.142857 ; 
 2.142857  2.142857  2.142857  2.142857  2.142857  2.142857  2.142857  2.142857  2.142857  2.142857  2.142857  2.142857  2.142857  2.142857  2.142857  2.142857  2.142857  2.125913  2.070157  2.027798  1.990306  1.959268  1.936108  1.921826  1.917002  1.921826  1.936108  1.959268  1.990306  2.027798  2.070157  2.125913  2.142857  2.142857  2.142857  2.142857  2.142857  2.142857  2.142857  2.142857  2.142857  2.142857  2.142857  2.142857  2.142857  2.142857  2.142857  2.142857 ; 
 2.142857  2.142857  2.142857  2.142857  2.142857  2.142857  2.142857  2.142857  2.142857  2.142857  2.142857  2.142857  2.142857  2.142857  2.142857  2.142857  2.142857  2.116810  2.038874  1.982490  1.933799  1.894167  1.864935  1.847040  1.841018  1.847040  1.864935  1.894167  1.933799  1.982490  2.038874  2.116810  2.142857  2.142857  2.142857  2.142857  2.142857  2.142857  2.142857  2.142857  2.142857  2.142857  2.142857  2.142857  2.142857  2.142857  2.142857  2.142857 ; 
 2.142857  2.142857  2.142857  2.142857  2.142857  2.142857  2.142857  2.142857  2.142857  2.142857  2.142857  2.142857  2.142857  2.142857  2.142857  2.142857  2.142857  2.103609  1.997075  1.923766  1.862035  1.812651  1.776658  1.754791  1.747458  1.754791  1.776658  1.812651  1.862035  1.923766  1.997075  2.103609  2.142857  2.142857  2.142857  2.142857  2.142857  2.142857  2.142857  2.142857  2.142857  2.142857  2.142857  2.142857  2.142857  2.142857  2.142857  2.142857 ; 
 2.142857  2.142857  2.142857  2.142857  2.142857  2.142857  2.142857  2.142857  2.142857  2.142857  2.142857  2.142857  2.142857  2.142857  2.142857  2.142857  2.142857  2.084889  1.942519  1.849466  1.773106  1.713097  1.669896  1.643854  1.635155  1.643854  1.669896  1.713097  1.773106  1.849466  1.942519  2.084889  2.142857  2.142857  2.142857  2.142857  2.142857  2.142857  2.142857  2.142857  2.142857  2.142857  2.142857  2.142857  2.142857  2.142857  2.142857  2.142857 ; 
 2.142857  2.142857  2.142857  2.142857  2.142857  2.142857  2.142857  2.142857  2.142857  2.142857  2.142857  2.142857  2.142857  2.142857  2.142857  2.142857  2.142857  2.058934  1.873000  1.757748  1.665656  1.594605  1.544104  1.513909  1.503863  1.513909  1.544104  1.594605  1.665656  1.757748  1.873000  2.058934  2.142857  2.142857  2.142857  2.142857  2.142857  2.142857  2.142857  2.142857  2.142857  2.142857  2.142857  2.142857  2.142857  2.142857  2.142857  2.142857 ; 
 2.142857  2.142857  2.142857  2.142857  2.142857  2.142857  2.142857  2.142857  2.142857  2.142857  2.142857  2.142857  2.142857  2.142857  2.142857  2.142857  2.142857  2.023765  1.786554  1.647367  1.539176  1.457292  1.399865  1.365823  1.354544  1.365823  1.399865  1.457292  1.539176  1.647367  1.786554  2.023765  2.142857  2.142857  2.142857  2.142857  2.142857  2.142857  2.142857  2.142857  2.142857  2.142857  2.142857  2.142857  2.142857  2.142857  2.142857  2.142857 ; 
 2.142857  2.142857  2.142857  2.142857  2.142857  2.142857  2.142857  2.142857  2.142857  2.142857  2.142857  2.142857  2.142857  2.142857  2.142857  2.142857  2.142857  1.977204  1.681731  1.517972  1.394294  1.302562  1.239136  1.201879  1.189590  1.201879  1.239136  1.302562  1.394294  1.517972  1.681731  1.977204  2.142857  2.142857  2.142857  2.142857  2.142857  2.142857  2.142857  2.142857  2.142857  2.142857  2.142857  2.142857  2.142857  2.142857  2.142857  2.142857 ; 
 2.142857  2.142857  2.142857  2.142857  2.142857  2.142857  2.142857  2.142857  2.142857  2.142857  2.142857  2.142857  2.142857  2.142857  2.142857  2.142857  2.142857  1.917002  1.557887  1.370390  1.233021  1.133305  1.065403  1.025909  1.012946  1.025909  1.065403  1.133305  1.233021  1.370390  1.557887  1.917002  2.142857  2.142857  2.142857  2.142857  2.142857  2.142857  2.142857  2.142857  2.142857  2.142857  2.142857  2.142857  2.142857  2.142857  2.142857  2.142857 ; 
 2.142857  2.142857  2.142857  2.142857  2.142857  2.142857  2.142857  2.142857  2.142857  2.142857  2.142857  2.142857  2.142857  2.142857  2.142857  2.142857  2.142857  1.841018  1.415477  1.206863  1.058901  0.953976  0.883721  0.843315  0.830127  0.843315  0.883721  0.953976  1.058901  1.206863  1.415477  1.841018  2.142857  2.142857  2.142857  2.142857  2.142857  2.142857  2.142857  2.142857  2.142857  2.142857  2.142857  2.142857  2.142857  2.142857  2.142857  2.142857 ; 
 2.142857  2.142857  2.142857  2.142857  2.142857  2.142857  2.142857  2.142857  2.142857  2.142857  2.142857  2.142857  2.142857  2.142857  2.142857  2.142857  2.142857  1.747458  1.256306  1.031175  0.877046  0.770632  0.700940  0.661590  0.648894  0.661590  0.700940  0.770632  0.877046  1.031175  1.256306  1.747458  2.142857  2.142857  2.142857  2.142857  2.142857  2.142857  2.142857  2.142857  2.142857  2.142857  2.142857  2.142857  2.142857  2.142857  2.142857  2.142857 ; 
 2.142857  2.142857  2.142857  2.142857  2.142857  2.142857  2.142857  2.142857  2.142857  2.142857  2.142857  2.142857  2.142857  2.142857  2.142857  2.142857  2.142857  1.635155  1.083701  0.848683  0.694397  0.592826  0.531181  0.499833  0.490545  0.499833  0.531181  0.592826  0.694397  0.848683  1.083701  1.635155  2.142857  2.142857  2.142857  2.142857  2.142857  2.142857  2.142857  2.142857  2.142857  2.142857  2.142857  2.142857  2.142857  2.142857  2.142857  2.142857 ; 
 2.142857  2.142857  2.142857  2.142857  2.142857  2.142857  2.142857  2.142857  2.142857  2.142857  2.142857  2.142857  2.142857  2.142857  2.142857  2.142857  2.142857  1.503863  0.902557  0.666780  0.525744  0.457040  0.446225  0.463204  0.473826  0.463204  0.446225  0.457040  0.525744  0.666780  0.902557  1.503863  2.142857  2.142857  2.142857  2.142857  2.142857  2.142857  2.142857  2.142857  2.142857  2.142857  2.142857  2.142857  2.142857  2.142857  2.142857  2.142857 ; 
 2.142857  2.142857  2.142857  2.142857  2.142857  2.142857  2.142857  2.142857  2.142857  2.142857  2.142857  2.142857  2.142857  2.142857  2.142857  2.142857  2.142857  1.354544  0.719481  0.503762  0.447604  0.563422  0.790958  1.003091  1.087855  1.003091  0.790958  0.563422  0.447604  0.503762  0.719481  1.354544  2.142857  2.142857  2.142857  2.142857  2.142857  2.142857  2.142857  2.142857  2.142857  2.142857  2.142857  2.142857  2.142857  2.142857  2.142857  2.142857 ; 
 2.142857  2.142857  2.142857  2.142857  2.142857  2.142857  2.142857  2.142857  2.142857  2.142857  2.142857  2.142857  2.142857  2.142857  2.142857  2.142857  2.142857  1.189590  0.546976  0.459662  0.821381  1.579824  2.415272  3.021049  3.237275  3.021049  2.415272  1.579824  0.821381  0.459662  0.546976  1.189590  2.142857  2.142857  2.142857  2.142857  2.142857  2.142857  2.142857  2.142857  2.142857  2.142857  2.142857  2.142857  2.142857  2.142857  2.142857  2.142857 ; 
 2.142857  2.142857  2.142857  2.142857  2.142857  2.142857  2.142857  2.142857  2.142857  2.142857  2.142857  2.142857  2.142857  2.142857  2.142857  2.142857  2.142857  1.012946  0.444914  0.970881  2.509200  4.308194  5.683173  6.456230  6.696757  6.456230  5.683173  4.308194  2.509200  0.970881  0.444914  1.012946  2.142857  2.142857  2.142857  2.142857  2.142857  2.142857  2.142857  2.142857  2.142857  2.142857  2.142857  2.142857  2.142857  2.142857  2.142857  2.142857 ; 
 -0.006752  -0.010804  -0.016944  -0.026047  -0.039248  -0.057968  -0.083923  -0.119092  -0.165653  -0.225855  -0.301839  -0.395399  -0.507702  -0.638994  -0.788313  -0.953267  -1.129911  -2.625459  -2.922727  -0.859628  2.001619  4.459386  7.344288  10.971542  12.857143  10.971542  7.344288  4.459386  2.001619  -0.859628  -2.922727  -2.625459  -1.129911  -0.953267  -0.788313  -0.638994  -0.507702  -0.395399  -0.301839  -0.225855  -0.165653  -0.119092  -0.083923  -0.057968  -0.039248  -0.026047  -0.016944  -0.010804 ; 
 -0.033467  -0.049822  -0.072700  -0.103983  -0.145783  -0.200338  -0.269857  -0.356303  -0.461126  -0.584970  -0.727380  -0.886551  -1.059156  -1.240300  -1.423376  -1.595881  -1.697942  -2.922727  0.041823  7.383316  12.396181  11.893642  7.840450  4.354042  3.004618  4.354042  7.840450  11.893642  12.396181  7.383316  0.041823  -2.922727  -1.697942  -1.595881  -1.423376  -1.240300  -1.059156  -0.886551  -0.727380  -0.584970  -0.461126  -0.356303  -0.269857  -0.200338  -0.145783  -0.103983  -0.072700  -0.049822 ; 
 -0.055779  -0.080917  -0.115059  -0.160367  -0.219091  -0.293391  -0.385110  -0.495490  -0.624886  -0.772467  -0.935994  -1.111682  -1.294174  -1.476077  -1.639095  -1.683195  -1.171976  -0.859628  7.383315  12.813900  10.208897  4.834988  1.129948  -0.330043  -0.569967  -0.330043  1.129948  4.834988  10.208897  12.813900  7.383315  -0.859628  -1.171976  -1.683195  -1.639095  -1.476077  -1.294174  -1.111682  -0.935994  -0.772467  -0.624886  -0.495490  -0.385110  -0.293391  -0.219091  -0.160367  -0.115059  -0.080917 ; 
 -0.076500  -0.109114  -0.152552  -0.209058  -0.280822  -0.369751  -0.477201  -0.603681  -0.748563  -0.909836  -1.083956  -1.265811  -1.448460  -1.617113  -1.695253  -1.321476  0.366343  2.001619  12.396181  10.208896  3.852889  -0.493632  -2.226349  -2.642016  -2.593314  -2.642016  -2.226349  -0.493632  3.852889  10.208896  12.396181  2.001619  0.366343  -1.321476  -1.695253  -1.617113  -1.448460  -1.265811  -1.083956  -0.909836  -0.748563  -0.603681  -0.477201  -0.369751  -0.280822  -0.209058  -0.152552  -0.109114 ; 
 -0.094225  -0.132846  -0.183589  -0.248690  -0.330206  -0.429760  -0.548252  -0.685565  -0.840295  -1.009552  -1.188881  -1.372225  -1.550031  -1.685817  -1.579435  -0.563033  2.165337  4.459386  11.893642  4.834988  -0.493632  -2.755695  -3.289535  -3.262151  -3.105042  -3.262151  -3.289535  -2.755695  -0.493632  4.834988  11.893642  4.459386  2.165337  -0.563033  -1.579435  -1.685817  -1.550031  -1.372225  -1.188881  -1.009552  -0.840295  -0.685565  -0.548252  -0.429760  -0.330206  -0.248690  -0.183589  -0.132846 ; 
 -0.107752  -0.150757  -0.206749  -0.277922  -0.366199  -0.472961  -0.598753  -0.742992  -0.903721  -1.077454  -1.259136  -1.441918  -1.611676  -1.696632  -1.351899  0.272415  3.540316  7.344288  7.840450  1.129948  -2.226349  -3.289535  -3.366430  -3.205517  -3.018547  -3.205517  -3.366430  -3.289535  -2.226349  1.129948  7.840450  7.344288  3.540316  0.272415  -1.351899  -1.696632  -1.611676  -1.441918  -1.259136  -1.077454  -0.903721  -0.742992  -0.598753  -0.472961  -0.366199  -0.277922  -0.206749  -0.150757 ; 
 -0.116214  -0.161882  -0.221031  -0.295817  -0.388067  -0.499003  -0.628948  -0.777034  -0.940979  -1.116948  -1.299543  -1.481267  -1.643024  -1.679654  -1.139766  0.878192  4.313373  10.971542  4.354042  -0.330042  -2.642016  -3.262151  -3.205517  -3.013138  -2.819875  -3.013138  -3.205517  -3.262151  -2.642016  -0.330042  4.354042  10.971542  4.313373  0.878192  -1.139766  -1.679654  -1.643024  -1.481267  -1.299543  -1.116948  -0.940979  -0.777034  -0.628948  -0.499003  -0.388067  -0.295817  -0.221031  -0.161882 ; 
 -0.119092  -0.165653  -0.225855  -0.301839  -0.395399  -0.507702  -0.638994  -0.788313  -0.953267  -1.129911  -1.312730  -1.493963  -1.652312  -1.669031  -1.055002  1.094418  4.553900  12.857143  3.004617  -0.569967  -2.593314  -3.105042  -3.018547  -2.819875  -2.625459  -2.819875  -3.018547  -3.105042  -2.593314  -0.569967  3.004617  12.857143  4.553900  1.094418  -1.055002  -1.669031  -1.652312  -1.493963  -1.312730  -1.129911  -0.953267  -0.788313  -0.638994  -0.507702  -0.395399  -0.301839  -0.225855  -0.165653 ; 
 -0.116214  -0.161882  -0.221031  -0.295817  -0.388067  -0.499003  -0.628948  -0.777034  -0.940979  -1.116948  -1.299543  -1.481267  -1.643024  -1.679654  -1.139766  0.878192  4.313373  10.971542  4.354042  -0.330042  -2.642016  -3.262151  -3.205517  -3.013138  -2.819875  -3.013138  -3.205517  -3.262151  -2.642016  -0.330042  4.354042  10.971542  4.313373  0.878192  -1.139766  -1.679654  -1.643024  -1.481267  -1.299543  -1.116948  -0.940979  -0.777034  -0.628948  -0.499003  -0.388067  -0.295817  -0.221031  -0.161882 ; 
 -0.107752  -0.150757  -0.206749  -0.277922  -0.366199  -0.472961  -0.598753  -0.742992  -0.903721  -1.077454  -1.259136  -1.441918  -1.611676  -1.696632  -1.351899  0.272415  3.540316  7.344288  7.840450  1.129948  -2.226349  -3.289535  -3.366430  -3.205517  -3.018547  -3.205517  -3.366430  -3.289535  -2.226349  1.129948  7.840450  7.344288  3.540316  0.272415  -1.351899  -1.696632  -1.611676  -1.441918  -1.259136  -1.077454  -0.903721  -0.742992  -0.598753  -0.472961  -0.366199  -0.277922  -0.206749  -0.150757 ; 
 -0.094225  -0.132846  -0.183589  -0.248690  -0.330206  -0.429760  -0.548252  -0.685565  -0.840295  -1.009552  -1.188881  -1.372225  -1.550031  -1.685817  -1.579435  -0.563033  2.165337  4.459386  11.893642  4.834988  -0.493632  -2.755695  -3.289535  -3.262151  -3.105042  -3.262151  -3.289535  -2.755695  -0.493632  4.834988  11.893642  4.459386  2.165337  -0.563033  -1.579435  -1.685817  -1.550031  -1.372225  -1.188881  -1.009552  -0.840295  -0.685565  -0.548252  -0.429760  -0.330206  -0.248690  -0.183589  -0.132846 ; 
 -0.076500  -0.109114  -0.152552  -0.209058  -0.280822  -0.369751  -0.477201  -0.603681  -0.748563  -0.909836  -1.083956  -1.265811  -1.448460  -1.617113  -1.695253  -1.321476  0.366343  2.001619  12.396181  10.208896  3.852889  -0.493632  -2.226349  -2.642016  -2.593314  -2.642016  -2.226349  -0.493632  3.852889  10.208896  12.396181  2.001619  0.366343  -1.321476  -1.695253  -1.617113  -1.448460  -1.265811  -1.083956  -0.909836  -0.748563  -0.603681  -0.477201  -0.369751  -0.280822  -0.209058  -0.152552  -0.109114 ; 
 -0.055779  -0.080917  -0.115059  -0.160367  -0.219091  -0.293391  -0.385110  -0.495490  -0.624886  -0.772467  -0.935994  -1.111682  -1.294174  -1.476077  -1.639095  -1.683195  -1.171976  -0.859628  7.383315  12.813900  10.208897  4.834988  1.129948  -0.330043  -0.569967  -0.330043  1.129948  4.834988  10.208897  12.813900  7.383315  -0.859628  -1.171976  -1.683195  -1.639095  -1.476077  -1.294174  -1.111682  -0.935994  -0.772467  -0.624886  -0.495490  -0.385110  -0.293391  -0.219091  -0.160367  -0.115059  -0.080917 ; 
