 template0 = [  -0.000000  0.000000  0.000000  -0.000008  0.000075  0.000656  -0.005553  0.005714  0.005714  -0.005553  0.000656  0.000075  -0.000008  0.000000  0.000000  -0.000000 ; 
 -0.000000  0.000000  0.000000  -0.000030  0.000266  0.002318  -0.019635  0.020204  0.020204  -0.019635  0.002318  0.000266  -0.000030  0.000000  0.000000  -0.000000 ; 
 -0.000000  0.000000  0.000001  -0.000088  0.000785  0.006843  -0.057969  0.059650  0.059650  -0.057969  0.006843  0.000785  -0.000088  0.000001  0.000000  -0.000000 ; 
 -0.000000  0.000000  0.000003  -0.000216  0.001935  0.016869  -0.142889  0.147032  0.147032  -0.142889  0.016869  0.001935  -0.000216  0.000003  0.000000  -0.000000 ; 
 -0.000000  0.000000  0.000006  -0.000444  0.003983  0.034716  -0.294065  0.302592  0.302592  -0.294065  0.034716  0.003983  -0.000444  0.000006  0.000000  -0.000000 ; 
 -0.000000  0.000000  0.000010  -0.000763  0.006843  0.059650  -0.505273  0.519925  0.519925  -0.505273  0.059650  0.006843  -0.000763  0.000010  0.000000  -0.000000 ; 
 -0.000000  0.000000  0.000015  -0.001095  0.009817  0.085572  -0.724851  0.745870  0.745870  -0.724851  0.085572  0.009817  -0.001095  0.000015  0.000000  -0.000000 ; 
 -0.000000  0.000000  0.000018  -0.001311  0.011759  0.102492  -0.868180  0.893355  0.893355  -0.868180  0.102492  0.011759  -0.001311  0.000018  0.000000  -0.000000 ; 
 -0.000000  0.000000  0.000018  -0.001311  0.011759  0.102492  -0.868180  0.893355  0.893355  -0.868180  0.102492  0.011759  -0.001311  0.000018  0.000000  -0.000000 ; 
 -0.000000  0.000000  0.000015  -0.001095  0.009817  0.085572  -0.724851  0.745870  0.745870  -0.724851  0.085572  0.009817  -0.001095  0.000015  0.000000  -0.000000 ; 
 -0.000000  0.000000  0.000010  -0.000763  0.006843  0.059650  -0.505273  0.519925  0.519925  -0.505273  0.059650  0.006843  -0.000763  0.000010  0.000000  -0.000000 ; 
 -0.000000  0.000000  0.000006  -0.000444  0.003983  0.034716  -0.294065  0.302592  0.302592  -0.294065  0.034716  0.003983  -0.000444  0.000006  0.000000  -0.000000 ; 
 -0.000000  0.000000  0.000003  -0.000216  0.001935  0.016869  -0.142889  0.147032  0.147032  -0.142889  0.016869  0.001935  -0.000216  0.000003  0.000000  -0.000000 ; 
 -0.000000  0.000000  0.000001  -0.000088  0.000785  0.006843  -0.057969  0.059650  0.059650  -0.057969  0.006843  0.000785  -0.000088  0.000001  0.000000  -0.000000 ; 
 -0.000000  0.000000  0.000000  -0.000030  0.000266  0.002318  -0.019635  0.020204  0.020204  -0.019635  0.002318  0.000266  -0.000030  0.000000  0.000000  -0.000000 ; 
 -0.000000  0.000000  0.000000  -0.000008  0.000075  0.000656  -0.005553  0.005714  0.005714  -0.005553  0.000656  0.000075  -0.000008  0.000000  0.000000  -0.000000 ; 
 ];
figure;imagesc(template0);

 template1 = [  -0.000000  -0.000000  0.000000  0.000000  -0.000000  -0.000000  0.000000  0.000002  -0.000009  -0.000067  0.000105  0.000445  -0.000159  -0.000467  0.000022  0.000078 ; 
 -0.000000  0.000000  0.000000  -0.000000  -0.000000  0.000000  0.000005  -0.000034  -0.000284  0.000532  0.002703  -0.001154  -0.004075  0.000226  0.000978  0.000022 ; 
 0.000000  0.000000  -0.000000  -0.000000  0.000001  0.000010  -0.000083  -0.000839  0.001881  0.011446  -0.005852  -0.024759  0.001646  0.008523  0.000226  -0.000467 ; 
 0.000000  -0.000000  -0.000000  0.000001  0.000014  -0.000142  -0.001727  0.004637  0.033793  -0.020693  -0.104861  0.008351  0.051787  0.001646  -0.004075  -0.000159 ; 
 -0.000000  -0.000000  0.000001  0.000014  -0.000170  -0.002478  0.007968  0.069546  -0.051008  -0.309586  0.029531  0.219334  0.008351  -0.024759  -0.001154  0.000445 ; 
 -0.000000  0.000000  0.000010  -0.000142  -0.002478  0.009544  0.099769  -0.087643  -0.637126  0.072793  0.647550  0.029531  -0.104861  -0.005852  0.002703  0.000105 ; 
 0.000000  0.000005  -0.000083  -0.001727  0.007968  0.099769  -0.104973  -0.914002  0.125075  1.332654  0.072793  -0.309586  -0.020693  0.011446  0.000532  -0.000067 ; 
 0.000002  -0.000034  -0.000839  0.004637  0.069546  -0.087643  -0.914002  0.149807  1.911788  0.125075  -0.637126  -0.051008  0.033793  0.001881  -0.000284  -0.000009 ; 
 -0.000009  -0.000284  0.001881  0.033793  -0.051008  -0.637126  0.125075  1.911788  0.149807  -0.914002  -0.087643  0.069546  0.004637  -0.000839  -0.000034  0.000002 ; 
 -0.000067  0.000532  0.011446  -0.020693  -0.309586  0.072793  1.332654  0.125075  -0.914002  -0.104973  0.099769  0.007968  -0.001727  -0.000083  0.000005  0.000000 ; 
 0.000105  0.002703  -0.005852  -0.104861  0.029531  0.647550  0.072793  -0.637126  -0.087643  0.099769  0.009544  -0.002478  -0.000142  0.000010  0.000000  -0.000000 ; 
 0.000445  -0.001154  -0.024759  0.008351  0.219334  0.029531  -0.309586  -0.051008  0.069546  0.007968  -0.002478  -0.000170  0.000014  0.000001  -0.000000  -0.000000 ; 
 -0.000159  -0.004075  0.001646  0.051787  0.008351  -0.104861  -0.020693  0.033793  0.004637  -0.001727  -0.000142  0.000014  0.000001  -0.000000  -0.000000  0.000000 ; 
 -0.000467  0.000226  0.008523  0.001646  -0.024759  -0.005852  0.011446  0.001881  -0.000839  -0.000083  0.000010  0.000001  -0.000000  -0.000000  0.000000  0.000000 ; 
 0.000022  0.000978  0.000226  -0.004075  -0.001154  0.002703  0.000532  -0.000284  -0.000034  0.000005  0.000000  -0.000000  -0.000000  0.000000  0.000000  -0.000000 ; 
 0.000078  0.000022  -0.000467  -0.000159  0.000445  0.000105  -0.000067  -0.000009  0.000002  0.000000  -0.000000  -0.000000  0.000000  0.000000  -0.000000  -0.000000 ; 
 ];
figure;imagesc(template1);

 template2 = [  -0.000000  -0.000000  -0.000000  -0.000000  -0.000000  -0.000000  -0.000000  -0.000000  -0.000000  -0.000000  -0.000000  -0.000000  -0.000000  -0.000000  -0.000000  -0.000000 ; 
 0.000000  0.000000  0.000000  0.000000  0.000000  0.000000  0.000000  0.000000  0.000000  0.000000  0.000000  0.000000  0.000000  0.000000  0.000000  0.000000 ; 
 0.000000  0.000000  0.000001  0.000003  0.000006  0.000010  0.000015  0.000018  0.000018  0.000015  0.000010  0.000006  0.000003  0.000001  0.000000  0.000000 ; 
 -0.000008  -0.000030  -0.000088  -0.000216  -0.000444  -0.000763  -0.001095  -0.001311  -0.001311  -0.001095  -0.000763  -0.000444  -0.000216  -0.000088  -0.000030  -0.000008 ; 
 0.000075  0.000266  0.000785  0.001935  0.003983  0.006843  0.009817  0.011759  0.011759  0.009817  0.006843  0.003983  0.001935  0.000785  0.000266  0.000075 ; 
 0.000656  0.002318  0.006843  0.016869  0.034716  0.059650  0.085572  0.102492  0.102492  0.085572  0.059650  0.034716  0.016869  0.006843  0.002318  0.000656 ; 
 -0.005553  -0.019635  -0.057969  -0.142889  -0.294065  -0.505273  -0.724851  -0.868180  -0.868180  -0.724851  -0.505273  -0.294065  -0.142889  -0.057969  -0.019635  -0.005553 ; 
 0.005714  0.020204  0.059650  0.147032  0.302592  0.519925  0.745870  0.893355  0.893355  0.745870  0.519925  0.302592  0.147032  0.059650  0.020204  0.005714 ; 
 0.005714  0.020204  0.059650  0.147032  0.302592  0.519925  0.745870  0.893355  0.893355  0.745870  0.519925  0.302592  0.147032  0.059650  0.020204  0.005714 ; 
 -0.005553  -0.019635  -0.057969  -0.142889  -0.294065  -0.505273  -0.724851  -0.868180  -0.868180  -0.724851  -0.505273  -0.294065  -0.142889  -0.057969  -0.019635  -0.005553 ; 
 0.000656  0.002318  0.006843  0.016869  0.034716  0.059650  0.085572  0.102492  0.102492  0.085572  0.059650  0.034716  0.016869  0.006843  0.002318  0.000656 ; 
 0.000075  0.000266  0.000785  0.001935  0.003983  0.006843  0.009817  0.011759  0.011759  0.009817  0.006843  0.003983  0.001935  0.000785  0.000266  0.000075 ; 
 -0.000008  -0.000030  -0.000088  -0.000216  -0.000444  -0.000763  -0.001095  -0.001311  -0.001311  -0.001095  -0.000763  -0.000444  -0.000216  -0.000088  -0.000030  -0.000008 ; 
 0.000000  0.000000  0.000001  0.000003  0.000006  0.000010  0.000015  0.000018  0.000018  0.000015  0.000010  0.000006  0.000003  0.000001  0.000000  0.000000 ; 
 0.000000  0.000000  0.000000  0.000000  0.000000  0.000000  0.000000  0.000000  0.000000  0.000000  0.000000  0.000000  0.000000  0.000000  0.000000  0.000000 ; 
 -0.000000  -0.000000  -0.000000  -0.000000  -0.000000  -0.000000  -0.000000  -0.000000  -0.000000  -0.000000  -0.000000  -0.000000  -0.000000  -0.000000  -0.000000  -0.000000 ; 
 ];
figure;imagesc(template2);

 template3 = [  0.000078  0.000022  -0.000467  -0.000159  0.000445  0.000105  -0.000067  -0.000009  0.000002  0.000000  -0.000000  -0.000000  0.000000  0.000000  -0.000000  -0.000000 ; 
 0.000022  0.000978  0.000226  -0.004075  -0.001154  0.002703  0.000532  -0.000284  -0.000034  0.000005  0.000000  -0.000000  -0.000000  0.000000  0.000000  -0.000000 ; 
 -0.000467  0.000226  0.008523  0.001646  -0.024759  -0.005852  0.011446  0.001881  -0.000839  -0.000083  0.000010  0.000001  -0.000000  -0.000000  0.000000  0.000000 ; 
 -0.000159  -0.004075  0.001646  0.051787  0.008351  -0.104861  -0.020693  0.033793  0.004637  -0.001727  -0.000142  0.000014  0.000001  -0.000000  -0.000000  0.000000 ; 
 0.000445  -0.001154  -0.024759  0.008351  0.219334  0.029531  -0.309586  -0.051008  0.069546  0.007968  -0.002478  -0.000170  0.000014  0.000001  -0.000000  -0.000000 ; 
 0.000105  0.002703  -0.005852  -0.104861  0.029531  0.647550  0.072793  -0.637126  -0.087643  0.099769  0.009544  -0.002478  -0.000142  0.000010  0.000000  -0.000000 ; 
 -0.000067  0.000532  0.011446  -0.020693  -0.309586  0.072793  1.332654  0.125075  -0.914002  -0.104973  0.099769  0.007968  -0.001727  -0.000083  0.000005  0.000000 ; 
 -0.000009  -0.000284  0.001881  0.033793  -0.051008  -0.637126  0.125075  1.911788  0.149807  -0.914002  -0.087643  0.069546  0.004637  -0.000839  -0.000034  0.000002 ; 
 0.000002  -0.000034  -0.000839  0.004637  0.069546  -0.087643  -0.914002  0.149807  1.911788  0.125075  -0.637126  -0.051008  0.033793  0.001881  -0.000284  -0.000009 ; 
 0.000000  0.000005  -0.000083  -0.001727  0.007968  0.099769  -0.104973  -0.914002  0.125075  1.332654  0.072793  -0.309586  -0.020693  0.011446  0.000532  -0.000067 ; 
 -0.000000  0.000000  0.000010  -0.000142  -0.002478  0.009544  0.099769  -0.087643  -0.637126  0.072793  0.647550  0.029531  -0.104861  -0.005852  0.002703  0.000105 ; 
 -0.000000  -0.000000  0.000001  0.000014  -0.000170  -0.002478  0.007968  0.069546  -0.051008  -0.309586  0.029531  0.219334  0.008351  -0.024759  -0.001154  0.000445 ; 
 0.000000  -0.000000  -0.000000  0.000001  0.000014  -0.000142  -0.001727  0.004637  0.033793  -0.020693  -0.104861  0.008351  0.051787  0.001646  -0.004075  -0.000159 ; 
 0.000000  0.000000  -0.000000  -0.000000  0.000001  0.000010  -0.000083  -0.000839  0.001881  0.011446  -0.005852  -0.024759  0.001646  0.008523  0.000226  -0.000467 ; 
 -0.000000  0.000000  0.000000  -0.000000  -0.000000  0.000000  0.000005  -0.000034  -0.000284  0.000532  0.002703  -0.001154  -0.004075  0.000226  0.000978  0.000022 ; 
 -0.000000  -0.000000  0.000000  0.000000  -0.000000  -0.000000  0.000000  0.000002  -0.000009  -0.000067  0.000105  0.000445  -0.000159  -0.000467  0.000022  0.000078 ; 
 ];
figure;imagesc(template3);

