 template0 = [  2.089859  4.429524  5.446514  4.599628  3.014979  1.818745  1.157327  0.771443  0.512686  0.771443  1.157327  1.818745  3.014979  4.599628  5.446514  4.429524 ; 
 4.429524  5.420574  4.141308  2.315969  1.083547  0.429352  0.034065  -0.263241  -0.503913  -0.263241  0.034065  0.429352  1.083548  2.315969  4.141309  5.420574 ; 
 5.446514  4.141309  2.089859  0.750188  0.088626  -0.286922  -0.576905  -0.832456  -1.059106  -0.832456  -0.576905  -0.286922  0.088626  0.750188  2.089859  4.141309 ; 
 4.599627  2.315969  0.750188  -0.004891  -0.396049  -0.689046  -0.955281  -1.201014  -1.420742  -1.201014  -0.955281  -0.689046  -0.396049  -0.004892  0.750188  2.315968 ; 
 3.014980  1.083547  0.088626  -0.396049  -0.717965  -1.003231  -1.270501  -1.514954  -1.729710  -1.514954  -1.270501  -1.003231  -0.717965  -0.396049  0.088626  1.083547 ; 
 1.818745  0.429352  -0.286922  -0.689046  -1.003231  -1.293130  -1.562554  -1.805437  -2.015598  -1.805437  -1.562554  -1.293130  -1.003231  -0.689046  -0.286922  0.429352 ; 
 1.157327  0.034065  -0.576905  -0.955281  -1.270501  -1.562554  -1.831514  -2.071808  -2.278022  -2.071808  -1.831514  -1.562554  -1.270501  -0.955281  -0.576905  0.034066 ; 
 0.771443  -0.263240  -0.832457  -1.201014  -1.514954  -1.805437  -2.071808  -2.309092  -2.512399  -2.309092  -2.071809  -1.805437  -1.514954  -1.201014  -0.832457  -0.263241 ; 
 0.512686  -0.503914  -1.059106  -1.420742  -1.729710  -2.015597  -2.278022  -2.512399  -2.714088  -2.512399  -2.278022  -2.015597  -1.729710  -1.420742  -1.059106  -0.503914 ; 
 0.771443  -0.263240  -0.832457  -1.201014  -1.514954  -1.805437  -2.071808  -2.309092  -2.512399  -2.309092  -2.071808  -1.805437  -1.514954  -1.201015  -0.832457  -0.263241 ; 
 1.157327  0.034065  -0.576905  -0.955281  -1.270501  -1.562554  -1.831513  -2.071809  -2.278022  -2.071808  -1.831513  -1.562554  -1.270501  -0.955281  -0.576905  0.034066 ; 
 1.818745  0.429352  -0.286922  -0.689046  -1.003231  -1.293130  -1.562554  -1.805437  -2.015598  -1.805437  -1.562554  -1.293130  -1.003231  -0.689046  -0.286922  0.429352 ; 
 3.014980  1.083548  0.088626  -0.396049  -0.717965  -1.003231  -1.270501  -1.514954  -1.729710  -1.514954  -1.270501  -1.003231  -0.717965  -0.396049  0.088626  1.083548 ; 
 4.599627  2.315969  0.750188  -0.004892  -0.396049  -0.689046  -0.955281  -1.201014  -1.420742  -1.201015  -0.955281  -0.689046  -0.396049  -0.004892  0.750188  2.315969 ; 
 5.446514  4.141309  2.089859  0.750188  0.088626  -0.286922  -0.576905  -0.832457  -1.059106  -0.832457  -0.576905  -0.286922  0.088626  0.750188  2.089859  4.141309 ; 
 4.429524  5.420574  4.141308  2.315968  1.083547  0.429352  0.034066  -0.263241  -0.503913  -0.263241  0.034066  0.429352  1.083548  2.315969  4.141309  5.420574 ; 
 ];
figure;imagesc(template0);

 template1 = [  -3.358507  -2.319536  -1.527866  -0.461445  0.528553  1.340658  2.285081  3.424600  4.005031  3.424600  2.285081  1.340658  0.528553  -0.461445  -1.527866  -2.319536 ; 
 -2.319536  -1.026916  0.834347  2.947062  3.991216  3.442084  2.120348  1.109697  0.637722  1.109697  2.120348  3.442083  3.991216  2.947062  0.834348  -1.026916 ; 
 -1.527866  0.834347  3.390308  3.911624  2.605358  1.014401  0.006582  -0.504253  -0.781558  -0.504253  0.006583  1.014401  2.605359  3.911624  3.390308  0.834347 ; 
 -0.461445  2.947062  3.911624  2.321869  0.486928  -0.625980  -1.181613  -1.511078  -1.753855  -1.511078  -1.181613  -0.625980  0.486928  2.321869  3.911624  2.947062 ; 
 0.528553  3.991216  2.605358  0.486928  -0.819658  -1.439878  -1.780690  -2.042539  -2.271847  -2.042539  -1.780691  -1.439878  -0.819658  0.486928  2.605358  3.991216 ; 
 1.340658  3.442084  1.014401  -0.625981  -1.439878  -1.842763  -2.124168  -2.373717  -2.600764  -2.373717  -2.124168  -1.842763  -1.439878  -0.625981  1.014400  3.442083 ; 
 2.285081  2.120348  0.006582  -1.181613  -1.780691  -2.124168  -2.399630  -2.651273  -2.878440  -2.651273  -2.399630  -2.124168  -1.780691  -1.181613  0.006582  2.120348 ; 
 3.424600  1.109698  -0.504253  -1.511078  -2.042539  -2.373717  -2.651273  -2.904903  -3.131912  -2.904903  -2.651273  -2.373717  -2.042539  -1.511078  -0.504253  1.109698 ; 
 4.005031  0.637722  -0.781558  -1.753855  -2.271847  -2.600764  -2.878440  -3.131912  -3.358507  -3.131912  -2.878440  -2.600764  -2.271847  -1.753855  -0.781558  0.637722 ; 
 3.424600  1.109697  -0.504253  -1.511078  -2.042539  -2.373717  -2.651273  -2.904903  -3.131912  -2.904903  -2.651273  -2.373717  -2.042539  -1.511078  -0.504253  1.109697 ; 
 2.285081  2.120348  0.006583  -1.181613  -1.780691  -2.124168  -2.399630  -2.651273  -2.878440  -2.651273  -2.399630  -2.124168  -1.780691  -1.181613  0.006583  2.120348 ; 
 1.340658  3.442083  1.014402  -0.625981  -1.439878  -1.842763  -2.124168  -2.373717  -2.600764  -2.373717  -2.124168  -1.842763  -1.439879  -0.625981  1.014401  3.442083 ; 
 0.528553  3.991216  2.605359  0.486928  -0.819658  -1.439878  -1.780690  -2.042539  -2.271847  -2.042539  -1.780691  -1.439879  -0.819659  0.486928  2.605358  3.991216 ; 
 -0.461445  2.947062  3.911624  2.321869  0.486928  -0.625981  -1.181613  -1.511078  -1.753855  -1.511078  -1.181613  -0.625981  0.486928  2.321869  3.911624  2.947062 ; 
 -1.527866  0.834347  3.390308  3.911624  2.605358  1.014401  0.006582  -0.504253  -0.781558  -0.504253  0.006583  1.014401  2.605358  3.911624  3.390307  0.834347 ; 
 -2.319536  -1.026916  0.834346  2.947062  3.991216  3.442084  2.120348  1.109697  0.637722  1.109697  2.120348  3.442083  3.991216  2.947062  0.834347  -1.026915 ; 
 ];
figure;imagesc(template1);

 template2 = [  -6.249818  -6.249818  -6.249818  -4.931587  -4.297990  -4.073669  -3.890508  -3.753158  -3.701492  -3.753158  -3.890508  -4.073669  -4.297990  -4.931587  -6.249818  -6.249818 ; 
 -6.249818  -6.249818  -6.249818  -4.718240  -4.073669  -3.701492  -3.311710  -3.028564  -2.928146  -3.028564  -3.311710  -3.701492  -4.073669  -4.718240  -6.249818  -6.249818 ; 
 -6.249818  -6.249818  -6.249818  -4.505319  -3.701492  -2.928146  -2.286660  -1.933557  -1.827692  -1.933557  -2.286660  -2.928146  -3.701492  -4.505319  -6.249818  -6.249818 ; 
 -2.431587  -2.218240  -2.005319  0.153838  1.748003  3.220635  4.460938  5.665684  6.250182  5.665684  4.460938  3.220635  1.748003  0.153838  -2.005319  -2.218240 ; 
 -1.797990  -1.573670  -1.201492  1.748003  5.094436  6.250182  5.460467  4.094385  3.220635  4.094385  5.460467  6.250182  5.094436  1.748003  -1.201492  -1.573670 ; 
 -1.573670  -1.201492  -0.428146  3.220635  6.250182  5.094436  3.346652  2.224830  1.748003  2.224830  3.346652  5.094436  6.250182  3.220635  -0.428146  -1.201492 ; 
 -1.390508  -0.811710  0.213340  4.460938  5.460466  3.346652  1.871238  1.154383  0.838087  1.154383  1.871238  3.346652  5.460466  4.460938  0.213340  -0.811710 ; 
 -1.253158  -0.528564  0.566443  5.665684  4.094385  2.224830  1.154383  0.656832  0.399097  0.656832  1.154383  2.224831  4.094385  5.665684  0.566443  -0.528565 ; 
 -1.201492  -0.428146  0.672309  6.250182  3.220635  1.748003  0.838087  0.399097  0.153838  0.399097  0.838087  1.748003  3.220635  6.250182  0.672309  -0.428146 ; 
 -1.253158  -0.528564  0.566443  5.665684  4.094385  2.224830  1.154383  0.656832  0.399097  0.656832  1.154383  2.224831  4.094385  5.665684  0.566443  -0.528565 ; 
 -1.390508  -0.811710  0.213340  4.460938  5.460466  3.346652  1.871238  1.154384  0.838087  1.154384  1.871238  3.346652  5.460466  4.460938  0.213340  -0.811710 ; 
 -1.573670  -1.201492  -0.428146  3.220635  6.250182  5.094436  3.346652  2.224831  1.748003  2.224831  3.346652  5.094436  6.250182  3.220635  -0.428146  -1.201492 ; 
 -1.797990  -1.573670  -1.201492  1.748003  5.094436  6.250182  5.460467  4.094385  3.220635  4.094385  5.460467  6.250182  5.094436  1.748003  -1.201492  -1.573670 ; 
 -2.431587  -2.218240  -2.005319  0.153838  1.748003  3.220635  4.460938  5.665684  6.250182  5.665684  4.460938  3.220635  1.748003  0.153838  -2.005319  -2.218240 ; 
 -6.249818  -6.249818  -6.249818  -4.505319  -3.701492  -2.928146  -2.286660  -1.933557  -1.827692  -1.933557  -2.286660  -2.928146  -3.701492  -4.505319  -6.249818  -6.249818 ; 
 -6.249818  -6.249818  -6.249818  -4.718240  -4.073669  -3.701492  -3.311710  -3.028565  -2.928146  -3.028565  -3.311710  -3.701492  -4.073669  -4.718240  -6.249818  -6.249818 ; 
 ];
figure;imagesc(template2);

 template3 = [  -3.864142  -3.864142  -3.864142  -3.864142  -3.864142  -2.545911  -2.070217  -1.947704  -1.912314  -1.947704  -2.070217  -2.545911  -3.864142  -3.864142  -3.864142  -3.864142 ; 
 -3.864142  -3.864142  -3.864142  -3.864142  -3.864142  -2.332565  -1.863155  -1.731192  -1.687994  -1.731192  -1.863155  -2.332565  -3.864142  -3.864142  -3.864142  -3.864142 ; 
 -3.864142  -3.864142  -3.864142  -3.864142  -3.864142  -2.119643  -1.621974  -1.401166  -1.315816  -1.401166  -1.621974  -2.119643  -3.864142  -3.864142  -3.864142  -3.864142 ; 
 -3.864142  -3.864142  -3.864142  -3.864142  -3.864142  -1.912314  -1.177749  -0.710281  -0.542470  -0.710281  -1.177749  -1.912314  -3.864142  -3.864142  -3.864142  -3.864142 ; 
 -3.864142  -3.864142  -3.864142  -3.864142  -3.864142  -1.687994  -0.292266  0.375615  0.557984  0.375615  -0.292266  -1.687994  -3.864142  -3.864142  -3.864142  -3.864142 ; 
 -0.045911  0.167436  0.380357  0.587686  0.812006  3.732510  6.603597  8.038918  8.635858  8.038918  6.603597  3.732510  0.812006  0.587686  0.380357  0.167436 ; 
 0.429783  0.636845  0.878026  1.322251  2.207734  6.603597  8.563895  7.392996  6.152320  7.392996  8.563895  6.603597  2.207734  1.322251  0.878026  0.636845 ; 
 0.552296  0.768808  1.098834  1.789719  2.875615  8.038918  7.392996  5.639130  4.603659  5.639130  7.392996  8.038918  2.875615  1.789719  1.098834  0.768808 ; 
 0.587686  0.812006  1.184184  1.957530  3.057984  8.635858  6.152320  4.603659  3.732510  4.603659  6.152320  8.635858  3.057984  1.957530  1.184184  0.812006 ; 
 0.552296  0.768808  1.098834  1.789719  2.875615  8.038918  7.392996  5.639130  4.603659  5.639130  7.392996  8.038918  2.875615  1.789719  1.098834  0.768808 ; 
 0.429783  0.636845  0.878026  1.322251  2.207734  6.603597  8.563895  7.392996  6.152320  7.392996  8.563895  6.603597  2.207734  1.322251  0.878026  0.636845 ; 
 -0.045911  0.167436  0.380357  0.587686  0.812006  3.732510  6.603597  8.038918  8.635858  8.038918  6.603597  3.732510  0.812006  0.587686  0.380357  0.167436 ; 
 -3.864142  -3.864142  -3.864142  -3.864142  -3.864142  -1.687994  -0.292266  0.375615  0.557984  0.375615  -0.292266  -1.687994  -3.864142  -3.864142  -3.864142  -3.864142 ; 
 -3.864142  -3.864142  -3.864142  -3.864142  -3.864142  -1.912314  -1.177749  -0.710281  -0.542470  -0.710281  -1.177749  -1.912314  -3.864142  -3.864142  -3.864142  -3.864142 ; 
 -3.864142  -3.864142  -3.864142  -3.864142  -3.864142  -2.119643  -1.621974  -1.401166  -1.315816  -1.401166  -1.621974  -2.119643  -3.864142  -3.864142  -3.864142  -3.864142 ; 
 -3.864142  -3.864142  -3.864142  -3.864142  -3.864142  -2.332565  -1.863155  -1.731192  -1.687994  -1.731192  -1.863155  -2.332565  -3.864142  -3.864142  -3.864142  -3.864142 ; 
 ];
figure;imagesc(template3);

