 template0 = [  1.000000  1.000000  1.000000  1.000000  1.000000  1.000000  1.000000  1.000000  1.000000  0.996849  0.968731  0.934651  0.894601  0.851169  0.806686  0.763072  0.721819  0.684021  0.650444  0.621589  0.597766  0.579146  0.565816  0.557811  0.555142  0.557811  0.565816  0.579146  0.597766  0.621589  0.650444  0.684021  0.721819  0.763072  0.806686  0.851169  0.894601  0.934651  0.968731  0.996849  1.000000  1.000000  1.000000  1.000000  1.000000  1.000000  1.000000  1.000000 ; 
 1.000000  1.000000  1.000000  1.000000  1.000000  1.000000  1.000000  1.000000  1.000000  0.994958  0.955078  0.909976  0.859142  0.805807  0.752673  0.701803  0.654670  0.612256  0.575161  0.543706  0.518022  0.498127  0.483980  0.475522  0.472708  0.475522  0.483980  0.498127  0.518022  0.543706  0.575161  0.612256  0.654670  0.701803  0.752673  0.805807  0.859142  0.909976  0.955078  0.994958  1.000000  1.000000  1.000000  1.000000  1.000000  1.000000  1.000000  1.000000 ; 
 1.000000  1.000000  1.000000  1.000000  1.000000  1.000000  1.000000  1.000000  1.000000  0.992093  0.936742  0.878439  0.815480  0.751637  0.689835  0.632121  0.579801  0.533613  0.493890  0.460688  0.433908  0.413368  0.398873  0.390253  0.387393  0.390253  0.398873  0.413368  0.433908  0.460688  0.493890  0.533613  0.579801  0.632121  0.689835  0.751637  0.815480  0.878439  0.936742  0.992093  1.000000  1.000000  1.000000  1.000000  1.000000  1.000000  1.000000  1.000000 ; 
 1.000000  1.000000  1.000000  1.000000  1.000000  1.000000  1.000000  1.000000  1.000000  0.987845  0.912685  0.839106  0.763072  0.688646  0.618734  0.555142  0.498824  0.450130  0.409017  0.375218  0.348364  0.328052  0.313899  0.305566  0.302817  0.305566  0.313899  0.328052  0.348364  0.375218  0.409017  0.450130  0.498824  0.555142  0.618734  0.688646  0.763072  0.839106  0.912685  0.987845  1.000000  1.000000  1.000000  1.000000  1.000000  1.000000  1.000000  1.000000 ; 
 1.000000  1.000000  1.000000  1.000000  1.000000  1.000000  1.000000  1.000000  1.000000  0.981684  0.881866  0.791262  0.701803  0.617407  0.540614  0.472708  0.414085  0.364584  0.323786  0.291218  0.266391  0.248679  0.237198  0.230904  0.228921  0.230904  0.237198  0.248679  0.266391  0.291218  0.323786  0.364584  0.414085  0.472708  0.540614  0.617407  0.701803  0.791262  0.881866  0.981684  1.000000  1.000000  1.000000  1.000000  1.000000  1.000000  1.000000  1.000000 ; 
 1.000000  1.000000  1.000000  1.000000  1.000000  1.000000  1.000000  1.000000  1.000000  0.972948  0.843334  0.734553  0.632121  0.539179  0.457449  0.387393  0.328756  0.281242  0.245129  0.221171  0.209460  0.208086  0.212885  0.218651  0.221119  0.218651  0.212885  0.208086  0.209460  0.221171  0.245129  0.281242  0.328756  0.387393  0.457449  0.539179  0.632121  0.734553  0.843334  0.972948  1.000000  1.000000  1.000000  1.000000  1.000000  1.000000  1.000000  1.000000 ; 
 1.000000  1.000000  1.000000  1.000000  1.000000  1.000000  1.000000  1.000000  1.000000  0.960836  0.796348  0.669122  0.555142  0.455947  0.371949  0.302817  0.249271  0.215502  0.208949  0.235146  0.291369  0.364877  0.436868  0.488809  0.507666  0.488809  0.436868  0.364877  0.291369  0.235146  0.208949  0.215502  0.249271  0.302817  0.371949  0.455947  0.555142  0.669122  0.796348  0.960836  1.000000  1.000000  1.000000  1.000000  1.000000  1.000000  1.000000  1.000000 ; 
 1.000000  1.000000  1.000000  1.000000  1.000000  1.000000  1.000000  1.000000  1.000000  0.944424  0.740512  0.595730  0.472708  0.370435  0.288134  0.228921  0.207988  0.252756  0.384586  0.597583  0.856662  1.113784  1.325820  1.463330  1.510728  1.463330  1.325820  1.113784  0.856662  0.597583  0.384586  0.252756  0.207988  0.228921  0.288134  0.370435  0.472708  0.595730  0.740512  0.944424  1.000000  1.000000  1.000000  1.000000  1.000000  1.000000  1.000000  1.000000 ; 
 1.000000  1.000000  1.000000  1.000000  1.000000  1.000000  1.000000  1.000000  1.000000  0.922695  0.675914  0.515840  0.387393  0.286711  0.219307  0.221119  0.361782  0.689722  1.174832  1.721649  2.229028  2.633244  2.913163  3.073426  3.125153  3.073426  2.913163  2.633244  2.229028  1.721649  1.174832  0.689722  0.361782  0.221119  0.219307  0.286711  0.387393  0.515840  0.675914  0.922695  1.000000  1.000000  1.000000  1.000000  1.000000  1.000000  1.000000  1.000000 ; 
 -0.003151  -0.005042  -0.007907  -0.012155  -0.018316  -0.027052  -0.039164  -0.055576  -0.077305  -0.210798  -0.537608  -0.752874  -0.934110  -1.079718  -1.127895  -0.937192  -0.423338  0.304090  1.021067  1.564054  1.939651  2.417784  3.493011  5.124051  6.000000  5.124051  3.493011  2.417784  1.939651  1.564054  1.021067  0.304090  -0.423338  -0.937192  -1.127895  -1.079718  -0.934110  -0.752874  -0.537608  -0.210798  -0.077305  -0.055576  -0.039164  -0.027052  -0.018316  -0.012155  -0.007907  -0.005042 ; 
 -0.031269  -0.044922  -0.063258  -0.087315  -0.118134  -0.156666  -0.203652  -0.259488  -0.324086  -0.537608  -0.952175  -1.213863  -1.416617  -1.485693  -1.164183  -0.214259  1.409227  3.611867  5.580562  5.835899  4.293694  2.567438  1.659768  1.383649  1.379730  1.383649  1.659768  2.567438  4.293694  5.835899  5.580562  3.611867  1.409227  -0.214259  -1.164183  -1.485693  -1.416617  -1.213863  -0.952175  -0.537608  -0.324086  -0.259488  -0.203652  -0.156666  -0.118134  -0.087315  -0.063258  -0.044922 ; 
 -0.065349  -0.090024  -0.121561  -0.160894  -0.208738  -0.265447  -0.330878  -0.404270  -0.484160  -0.752874  -1.213863  -1.471253  -1.569956  -1.064589  0.663079  3.398525  5.649568  5.705745  3.813227  1.815701  0.680907  0.183963  -0.029046  -0.097753  -0.060477  -0.097753  -0.029046  0.183963  0.680907  1.815701  3.813227  5.705745  5.649568  3.398525  0.663079  -1.064589  -1.569956  -1.471253  -1.213863  -0.752874  -0.484160  -0.404270  -0.330878  -0.265447  -0.208738  -0.160894  -0.121561  -0.090024 ; 
 -0.105399  -0.140858  -0.184520  -0.236928  -0.298197  -0.367879  -0.444858  -0.527292  -0.612607  -0.934110  -1.416617  -1.569956  -0.984669  1.318970  4.513397  6.000000  4.682767  2.205227  0.401622  -0.463915  -0.827985  -0.977869  -1.020652  -0.999931  -0.937192  -0.999931  -1.020652  -0.977869  -0.827985  -0.463915  0.401622  2.205227  4.682767  6.000000  4.513397  1.318970  -0.984669  -1.569956  -1.416617  -0.934110  -0.612607  -0.527292  -0.444858  -0.367879  -0.298197  -0.236928  -0.184520  -0.140858 ; 
 -0.148831  -0.194193  -0.248363  -0.311354  -0.382593  -0.460821  -0.544053  -0.629565  -0.713289  -1.079718  -1.485693  -1.064589  1.318970  4.824620  5.929299  3.933392  1.231671  -0.435091  -1.111080  -1.325626  -1.366452  -1.336622  -1.276477  -1.205226  -1.132336  -1.205226  -1.276477  -1.336622  -1.366452  -1.325626  -1.111080  -0.435092  1.231670  3.933390  5.929298  4.824621  1.318972  -1.064588  -1.485693  -1.079718  -0.713289  -0.629565  -0.544054  -0.460821  -0.382593  -0.311354  -0.248363  -0.194193 ; 
 -0.193314  -0.247327  -0.310165  -0.381266  -0.459386  -0.542551  -0.628051  -0.711866  -0.780693  -1.127895  -1.164183  0.663079  4.513398  5.929298  3.674765  0.775903  -0.858489  -1.410094  -1.509292  -1.469715  -1.389110  -1.298057  -1.208925  -1.127736  -1.057584  -1.127736  -1.208925  -1.298057  -1.389110  -1.469715  -1.509292  -1.410094  -0.858489  0.775903  3.674765  5.929298  4.513398  0.663079  -1.164183  -1.127895  -0.780693  -0.711866  -0.628051  -0.542551  -0.459386  -0.381266  -0.310165  -0.247327 ; 
